24.875
24.875
24.875
24.875
24.875
24.875
24.875
24.875
24.875
24.875
24.875
24.875
24.875
24.875
24.875
24.875
24.875
24.875
24.875
24.875
24.875
24.875
24.875
24.875
24.875
24.875
25
24.875
24.875
24.875
24.875
24.875
24.875
25
24.875
24.875
24.875
24.875
25
24.875
24.875
24.875
24.875
24.875
24.875
24.875
24.875
24.875
24.875
24.875
24.875
24.875
25
24.875
25
25
24.875
225.125
25
25
25.125
25.125
25.125
25.125
25.125
25.125
25.125
25
25
25
25
25
25
25
25
25
25.125
25
25
25
25
25
25
25
25
25
25
25
25
25
25
25
25
25
25
25
25
25
25
25
25
25
25.125
25.125
25.125
25.125
25.125
25.125
25.125
25.125
25.125
25.125
25.125
25.125
25.125
25
25
25.125
25.125
25.125
25.125
25
25.125
25.125
25.125
25.125
25.125
25.125
25.125
25.125
25.125
25.125
25.125
25.125
25.125
25.125
25.125
25.125
25.125
25.125
25.125
25.125
25.125
25.125
25.125
25.125
25.25
25.125
25.125
25.125
25.25
25.125
25.25
25.25
25.25
25.25
25.25
25.25
25.25
25.25
25.25
25.25
25.25
25.25
25.25
25.25
25.25
25.375
25.25
25.25
25.375
25.25
25.25
25.25
25.25
25.25
25.375
25.375
25.375
25.375
25.375
25.375
25.375
25.375
25.375
25.375
25.375
25.5
25.5
25.5
25.5
25.5
25.5
25.5
25.5
25.625
25.5
25.5
25.5
25.5
25.5
25.625
25.625
25.5
25.5
25.5
25.625
25.625
25.625
25.625
25.625
25.625
25.625
25.625
25.625
25.625
25.625
25.75
25.625
25.625
25.75
25.75
25.75
25.625
25.625
25.75
25.75
25.875
25.75
25.75
25.875
25.75
25.875
25.875
25.875
25.875
25.875
25.75
25.875
25.875
25.875
25.875
25.875
25.875
25.875
25.875
25.875
25.875
26
26
26
26
26
26
26
26
26
26
26
26
26
26
26.125
26
26
26
26.125
26
26.125
26.125
26.125
26.125
26.125
26.125
26.125
26.125
26.25
26.25
26.25
26.25
26.25
26.25
26.125
26.25
26.25
26.125
26.25
26.25
26.375
26.375
26.375
26.375
26.375
26.25
26.25
26.375
26.375
26.375
26.375
26.375
26.375
26.375
26.375
26.375
26.375
26.375
26.5
26.5
26.5
26.5
26.5
26.5
26.5
26.5
26.5
26.625
26.5
26.5
26.625
26.625
26.625
26.625
26.625
26.625
26.625
26.625
26.625
26.75
26.625
26.625
26.75
26.75
26.75
26.75
26.75
26.75
26.75
26.75
26.75
26.75
26.75
26.75
26.875
26.875
26.875
27
26.875
27
26.875
26.875
26.875
26.875
27
27
27
27
27
27
27.125
27.125
27.125
27.125
27.125
27.125
27.125
27.125
27.125
27.25
27.25
27.25
27.125
27.25
27.25
27.25
27.25
27.25
27.25
27.25
27.375
27.375
27.375
27.375
27.375
27.375
27.375
27.375
27.375
27.5
27.375
27.375
27.375
27.5
27.5
27.5
27.5
27.5
27.625
27.5
27.625
27.625
27.625
27.625
27.625
27.625
27.625
27.625
27.75
27.75
27.75
27.75
27.75
27.75
27.75
27.75
27.75
27.75
27.75
27.75
27.875
27.875
27.875
27.875
27.875
27.875
27.875
27.875
28
28
28
28
28
28
28
28
28
28.125
28
28.125
28.125
28.125
28.125
28.25
28.25
28.125
28.125
28.25
28.125
28.25
28.25
28.25
28.25
28.25
28.25
28.25
28.25
28.25
28.375
28.375
28.375
28.375
28.375
28.375
28.5
28.375
28.375
28.375
28.5
28.5
28.5
28.5
28.5
28.5
28.5
28.5
28.5
28.625
28.625
28.5
28.625
28.625
28.625
28.625
28.625
28.625
28.625
28.75
28.625
28.625
28.75
28.75
28.75
28.75
28.75
28.875
28.875
28.875
28.875
28.875
28.875
28.875
28.875
28.875
28.875
28.875
28.875
29
29
29
29.125
29.125
29
29
29.125
29.125
29.125
29.125
29.125
29.125
29.25
29.25
29.25
29.125
29.125
29.25
29.25
29.25
29.25
29.375
29.25
29.25
29.25
29.375
29.375
29.5
29.5
29.5
29.5
29.5
29.5
29.5
29.5
29.5
29.5
29.5
29.5
29.625
29.625
29.625
29.625
29.625
29.625
29.625
29.75
29.625
29.625
29.75
29.75
29.75
29.75
29.75
29.875
29.875
29.75
29.875
29.875
29.875
29.875
30
30
30
30
30
30
30.125
30.125
30
30.125
30.125
30.125
30.125
30.125
30.125
30.125
30.25
30.25
30.25
30.25
30.25
30.25
30.25
30.375
30.375
30.375
30.375
30.375
30.375
30.375
30.375
30.375
30.375
30.375
30.375
30.5
30.5
30.5
30.5
30.5
30.5
30.5
30.5
30.625
30.625
30.625
30.625
30.625
30.625
30.625
30.625
30.625
30.625
30.625
30.75
30.625
30.75
30.75
30.75
30.75
30.75
30.875
30.875
30.875
30.875
30.875
30.875
30.875
31
30.875
31
31
31
30.875
31
31
31
31
31
31
31.125
31.125
31.125
31.125
31.25
31.25
31.25
31.25
31.25
31.25
31.25
31.25
31.25
31.25
31.25
31.375
31.375
31.375
31.375
31.375
31.5
31.375
31.375
31.375
31.5
31.5
31.5
31.5
31.5
31.625
31.5
31.625
31.625
31.625
31.625
31.625
31.75
31.75
31.75
31.75
31.75
31.75
31.75
31.75
31.875
31.75
31.875
31.875
31.875
31.875
31.875
31.875
31.875
32
31.875
32
32
32
32.125
32.125
32
32
32
32
32.125
32.125
32.125
32.125
32.125
32.25
32.125
32.25
32.25
32.25
32.375
32.375
32.375
32.375
32.375
32.375
32.375
32.375
32.375
32.375
32.5
32.375
32.5
32.5
32.5
32.625
32.625
32.5
32.5
32.625
32.5
32.75
32.625
32.625
32.75
32.75
32.75
32.75
32.75
32.75
32.75
32.75
32.75
32.75
32.875
33
32.875
33
33
33
33
33
32.875
32.875
33
33
33
33
33
33
33.125
33
33.125
33.125
33.125
33.125
33.25
33.25
33.25
33.25
33.25
33.25
33.25
33.25
33.25
33.25
33.25
33.25
33.25
33.375
33.25
33.375
33.375
33.375
33.375
33.5
33.5
33.5
33.5
33.375
33.5
33.5
33.625
33.625
33.625
33.625
33.625
33.625
33.625
33.625
33.75
33.75
33.625
33.625
33.75
33.75
33.875
33.875
33.875
33.875
33.75
33.75
33.875
33.875
33.875
33.875
33.875
34
34
34
34
34
34
34
34
34
34.125
34
34
34.25
34.125
34.125
34.25
34.25
34.25
34.25
34.25
34.25
34.25
34.375
34.25
34.25
34.375
34.375
34.375
34.375
34.5
34.375
34.375
34.5
34.5
34.5
34.5
34.5
34.5
34.5
34.5
34.5
34.5
34.5
34.625
34.625
34.625
34.625
34.625
34.75
34.75
34.75
34.75
34.875
34.75
34.875
34.875
34.875
34.875
34.875
34.875
34.875
34.875
34.875
35
35
35
35
35
35
35.125
35.125
35.125
35.125
35.125
35.125
35.125
35.125
35.25
35.125
35.25
35.25
35.25
35.25
35.25
35.375
35.25
35.25
35.375
35.375
35.375
35.375
35.375
35.375
35.5
35.5
35.5
35.5
35.5
35.5
35.375
35.625
35.625
35.5
35.5
35.625
35.625
35.625
35.625
35.75
35.75
35.625
35.625
35.75
35.75
35.75
35.75
35.75
35.75
35.75
35.875
35.875
35.875
35.875
35.875
35.875
35.875
35.875
35.875
36
36
36
36
36
36
36.125
36
36
36.125
36.125
36.125
36.125
36.125
36.25
36.125
36.25
36.25
36.25
36.125
36.25
36.125
36.25
36.25
36.25
36.25
36.375
36.375
36.375
36.375
36.375
36.375
36.375
36.375
36.375
36.5
36.5
36.5
36.5
36.625
36.5
36.625
36.625
36.625
36.625
36.625
36.625
36.625
36.625
36.75
36.75
36.75
36.875
36.875
36.75
36.875
36.875
36.875
36.875
36.875
37
37
37
37
37
37
37
37
37
37
37.125
37.125
37
37
37.125
37.125
37.25
37.25
37.25
37.25
37.25
37.25
37.25
37.25
37.25
37.25
37.25
37.375
37.375
37.375
37.375
37.375
37.5
37.5
37.5
37.625
37.5
37.625
37.625
37.5
37.625
37.625
37.625
37.625
37.625
37.75
37.75
37.75
37.75
37.75
37.75
37.875
37.75
37.75
37.875
37.875
37.875
37.875
37.875
37.875
37.875
38
38
38
38
38
38
38.125
38.125
38.125
38.125
38.125
38.125
38.125
38.125
38.125
38.125
38.25
38.25
38.25
38.375
38.375
38.25
38.25
38.375
38.25
38.375
38.375
38.375
38.375
38.5
38.5
38.375
38.375
38.5
38.5
38.5
38.625
38.625
38.625
38.5
38.5
38.625
38.625
38.625
38.625
38.625
38.75
38.75
38.75
38.625
38.625
38.75
38.75
38.75
38.75
38.75
38.75
38.75
38.75
38.875
38.75
38.875
38.875
38.875
38.875
38.75
39
39
38.875
39
39
39
39
39
39
39.125
39
39
39.125
39.125
39.125
39.125
39.125
39.25
39.125
39.25
39.125
39.125
39.25
39.25
39.375
39.25
39.25
39.375
39.375
39.375
39.5
39.5
39.375
39.5
39.5
39.375
39.375
39.5
39.5
39.5
39.625
39.625
39.625
39.625
39.625
39.75
39.75
39.625
39.625
39.625
39.625
39.625
39.625
39.75
39.75
39.75
39.75
39.75
39.75
39.75
39.875
39.875
39.875
40
40
40
40
40
40
40
40.125
40.125
40.125
40.125
40.125
40.125
40.125
40.125
40.25
40.125
40.25
40.25
40.25
40.25
40.25
40.25
40.25
40.375
40.375
40.375
40.375
40.375
40.375
40.375
40.375
40.375
40.375
40.5
40.625
40.5
40.5
40.5
40.625
40.625
40.625
40.625
40.625
40.75
40.75
40.75
40.75
40.75
40.75
40.75
40.75
40.875
40.875
40.75
40.75
40.875
40.875
40.875
40.875
40.875
40.875
40.875
40.875
40.875
40.875
41
40.75
40.75
40.875
40.75
40.875
40.75
40.75
40.75
40.75
40.875
40.875
40.875
40.875
41
41
40.875
40.875
41
41
41.125
41
41
41.125
41.125
41.125
41.125
41.125
41.25
41.25
41.25
41.375
41.375
41.25
41.375
41.25
41.375
41.375
41.375
41.25
41.5
41.5
41.5
41.375
41.375
41.5
41.5
41.5
41.5
41.5
41.625
41.625
41.625
41.625
41.625
41.75
41.75
41.75
41.75
41.75
41.75
41.875
41.875
41.75
41.75
41.875
41.875
41.875
41.875
42
41.875
42
42
42
42
42
42.125
42.125
42.125
42.125
42.125
42.125
42.125
42.125
42.125
42.125
42.125
42.125
42.25
42.25
42.25
42.25
42.25
42.25
42.25
42.25
42.375
42.375
42.25
42.25
42.375
42.375
42.375
42.375
42.5
42.5
42.5
42.5
42.5
42.5
42.5
42.625
42.625
42.625
42.625
42.625
42.625
42.625
42.75
42.625
42.75
42.75
42.75
42.875
42.75
42.75
42.75
42.75
42.75
42.875
42.875
42.875
42.875
42.875
42.875
42.875
43
43
43.125
43
43
43
43
43.125
43.125
43.25
43.25
43.25
43.25
43.25
43.25
43.25
43.25
43.25
43.125
43.25
43.25
43.25
43.375
43.25
43.375
43.375
43.375
43.375
43.25
43.25
43.5
43.5
43.5
43.5
43.375
43.5
43.5
43.5
43.5
43.5
43.5
43.5
43.625
43.5
43.5
43.625
43.625
43.5
43.625
43.625
43.625
43.625
43.75
43.625
43.625
43.75
43.75
43.75
43.875
43.75
43.875
43.875
43.875
43.875
43.875
43.875
43.875
43.875
44
44
43.875
43.875
44
44.125
44.125
44.125
44.125
44
44.125
44
44
44
44.125
44.125
44.125
44.25
44.25
44.125
44.125
44.125
44.25
44.25
44.125
44.25
44.25
44.25
44.25
44.25
44.375
44.25
44.375
44.375
44.375
44.375
44.375
44.375
44.375
44.375
44.375
44.375
44.375
44.375
44.5
44.5
44.5
44.625
44.625
44.625
44.625
44.625
44.625
44.625
44.75
44.625
44.75
44.75
44.75
44.75
44.75
44.75
44.75
44.75
44.75
44.875
44.875
44.875
44.875
45
45
45
45
45
45
45
45
45.125
45.125
45.125
45.125
45.125
45.125
45.125
45.125
45.125
45.25
45.25
45.25
45.25
45.25
45.25
45.25
45.25
45.375
45.375
45.25
45.375
45.375
45.375
45.5
45.5
45.5
45.5
45.5
45.5
45.5
45.5
45.5
45.5
45.625
45.625
45.625
45.625
45.625
45.625
45.625
45.625
45.625
45.75
45.625
45.75
45.625
45.625
45.75
45.75
45.75
45.75
45.75
45.75
45.875
45.875
45.75
45.75
45.875
45.875
45.75
45.875
45.875
45.875
46
45.875
45.875
45.875
46
46
46
46
46
46
46
46.125
46
46
46.125
46.125
46.125
46.125
46.125
46.25
46.125
46.25
46.25
46.25
46.25
46.125
46.125
46.25
46.25
46.25
46.25
46.25
46.25
46.25
46.25
46.375
46.25
46.375
46.375
46.375
46.375
46.375
46.375
46.375
46.375
46.375
46.375
46.5
46.5
46.375
46.5
46.375
46.5
46.5
46.5
46.5
46.5
46.5
46.5
46.625
46.5
46.625
46.625
46.625
46.625
46.625
46.75
46.625
46.625
46.75
46.75
46.75
46.75
46.75
46.75
46.75
46.75
46.875
46.875
46.875
47
47
47
47
47
47
47
47.125
47.125
47.125
47.125
47
47.125
47.125
47.125
47.25
47.125
47.125
47.125
47.25
47.125
47.25
47.25
47.25
47.25
47.25
47.375
47.375
47.375
47.375
47.375
47.25
47.375
47.375
47.375
47.375
47.375
47.375
47.375
47.5
47.5
47.5
47.375
47.375
47.5
47.625
47.5
47.5
47.5
47.625
47.625
47.625
47.625
47.625
47.625
47.625
47.625
47.625
47.625
47.75
47.75
47.75
47.75
47.75
47.875
47.75
47.75
47.875
47.875
47.875
47.875
47.875
47.875
47.875
47.875
47.875
48
47.875
47.875
48
48
48
47.875
47.875
48
48
48.125
48.125
48.125
48.125
48
48.125
48.125
48.125
48.125
48.125
48.125
48.25
48.25
48.25
48.125
48.125
48.125
48.125
48.25
48.25
48.375
48.25
48.25
48.375
48.25
48.25
48.375
48.375
48.375
48.375
48.375
48.375
48.375
48.5
48.375
48.375
48.5
48.5
48.375
48.5
48.5
48.5
48.5
48.5
48.5
48.5
48.5
48.5
48.625
48.625
48.625
48.625
48.625
48.625
48.625
48.75
48.75
48.75
48.75
48.875
48.75
48.75
48.75
48.75
48.875
48.875
48.875
48.875
48.875
48.875
49
48.875
48.875
49
49
49
48.875
48.875
49
49
48.875
49
49
49
49.125
49
49
49
49.125
49.125
49.125
49.125
49.125
49.125
49.125
49.25
49.25
49.25
49.25
49.25
49.25
49.25
49.25
49.25
49.375
49.25
49.375
49.375
49.375
49.375
49.375
49.5
49.5
49.375
49.5
49.5
49.5
49.5
49.5
49.375
49.5
49.5
49.5
49.625
49.625
49.5
49.625
49.625
49.5
49.625
49.75
49.75
49.75
49.875
49.875
49.875
49.875
49.875
49.875
49.875
49.875
49.875
49.875
50
49.875
50
50
50
50
50
50
50.125
50.125
50.125
50.125
50.25
50.125
50.125
50.25
50.25
50.25
50.375
50.375
50.25
50.25
50.25
50.25
50.25
50.375
50.375
50.375
50.375
50.375
50.5
50.375
50.5
50.375
50.375
50.5
50.5
50.5
50.5
50.5
50.5
50.625
50.5
50.625
50.625
50.5
50.5
50.5
50.625
50.625
50.625
50.625
50.625
50.625
50.625
50.75
50.75
50.75
50.75
50.75
50.75
50.75
50.75
50.75
50.75
50.875
50.875
50.875
50.875
50.875
50.875
50.875
51
50.875
50.875
50.875
51
51
51
51
51.125
51
51
51
51
51.125
51
51.125
51.125
51.125
51
51.125
51.125
51
51
51.125
51.125
51.125
51.25
51.25
51.125
51.25
51.25
51.125
51.125
51.25
51.25
51.25
51.125
51.125
51.25
51.25
51.375
51.375
51.375
51.375
51.375
51.375
51.375
51.375
51.375
51.375
51.5
51.5
51.5
51.5
51.5
51.375
51.5
51.5
51.625
51.625
51.625
51.75
51.75
51.625
51.75
51.75
51.625
51.625
51.625
51.75
51.75
51.75
51.75
51.75
51.875
51.875
51.75
51.75
51.875
51.875
51.875
51.875
51.875
52
51.875
52
52
52
52.125
52.125
52.125
52.125
52.125
52.125
52.125
52.25
52.25
52.25
52.125
52.25
52.25
52.25
52.25
52.25
52.25
52.375
52.375
52.375
52.375
52.375
52.375
52.5
52.5
52.5
52.5
52.375
52.5
52.5
52.5
52.5
52.5
52.5
52.5
52.5
52.5
52.5
52.5
52.5
52.625
52.625
52.5
52.5
52.5
52.625
52.625
52.625
52.625
52.625
52.625
52.625
52.625
52.625
52.625
52.75
52.625
52.625
52.75
52.75
52.75
52.875
52.75
52.75
52.75
52.75
52.75
52.75
52.75
52.75
52.875
52.875
52.75
52.75
52.75
52.75
52.875
52.875
53
53
52.875
52.875
53
53
53
53
52.875
53
53.125
53.125
53
53
53
53
53
53.125
53.125
53.25
53.125
53.125
53.125
53.125
53.25
53.25
53.25
53.25
53.25
53.25
53.375
53.375
53.25
53.375
53.375
53.375
53.375
53.375
53.375
53.375
53.375
53.375
53.375
53.375
53.5
53.375
53.375
53.5
53.5
53.5
53.5
53.5
53.625
53.625
53.5
53.625
53.625
53.625
53.625
53.625
53.75
53.75
53.75
53.75
53.75
53.875
53.875
53.875
53.875
53.875
53.75
53.75
53.75
53.875
53.875
54
54
53.875
53.875
54
54
54
54
54
54
54
54
54
54
54.125
54.125
54.125
54
54.125
54.125
54.125
54.125
54.125
54.25
54.25
54.25
54.25
54.125
54.25
54.25
54.25
54.25
54.25
54.375
54.375
54.375
54.375
54.375
54.25
54.375
54.375
54.375
54.5
54.375
54.5
54.5
54.5
54.5
54.5
54.5
54.5
54.5
54.5
54.5
54.625
54.625
54.625
54.625
54.625
54.625
54.625
54.625
54.625
54.625
54.625
54.75
54.75
54.625
54.625
54.75
54.625
54.625
54.625
54.75
54.625
54.75
54.75
54.75
54.875
54.75
54.875
54.875
54.75
54.875
54.875
54.875
54.875
54.875
54.875
54.875
54.875
54.875
55
55
54.875
54.875
54.875
54.875
54.875
55
55
55
55.125
55
55
55.125
55.125
55.125
55
55.125
55.125
55.125
55.125
55.125
55.125
55
55
54.875
54.875
54.75
54.75
54.75
54.75
54.75
54.875
54.875
54.875
54.875
55
54.875
55
55
55
55.125
55.125
55.125
55.125
55.125
55.125
55.125
55.125
55.125
55.125
55.25
55.25
55.25
55.25
55.25
55.25
55.25
55.25
55.25
55.375
55.25
55.375
55.25
55.25
55.375
55.375
55.5
55.5
55.5
55.5
55.375
55.5
55.625
55.625
55.5
55.625
55.625
55.625
55.625
55.625
55.625
55.625
55.75
55.75
55.75
55.625
55.75
55.875
55.875
55.75
55.875
55.875
55.875
55.875
55.875
55.875
55.875
55.875
55.875
56
56
56
56
56
55.875
55.875
56
55.875
55.875
56
56
56
56
56
56
56
56.125
56
56
56.125
56.125
56.125
56.125
56.125
56.125
56.125
56.125
56.25
56.25
56.125
56.25
56.125
56.25
56.25
56.25
56.25
56.25
56.25
56.25
56.25
56.25
56.25
56.25
56.25
56.375
56.25
56.375
56.25
56.25
56.25
56.375
56.25
56.25
56.25
56.375
56.375
56.375
56.375
56.375
56.5
56.375
56.375
56.375
56.375
56.5
56.375
56.5
56.5
56.5
56.5
56.5
56.5
56.5
56.5
56.625
56.5
56.625
56.5
56.5
56.625
56.5
56.625
56.5
56.5
56.5
56.5
56.5
56.5
56.5
56.5
56.5
56.625
56.625
56.625
56.625
56.625
56.625
56.625
56.625
56.75
56.75
56.75
56.625
56.625
56.625
56.625
56.625
56.75
56.75
56.75
56.75
56.75
56.875
56.875
56.75
56.875
56.75
56.75
56.75
56.75
56.75
56.875
56.75
56.75
56.75
56.75
56.625
56.75
56.75
56.75
56.625
56.875
56.75
56.75
56.875
56.875
56.875
56.875
56.875
56.875
56.875
56.875
57
57
57
56.875
57
56.875
56.875
57
57
57
57
57
57.125
57
57.125
57.125
57.125
57.125
57.25
57.125
57.25
57.25
57.25
57.25
57.25
57.25
57.25
57.375
57.375
57.25
57.375
57.375
57.25
57.375
57.375
57.375
57.375
57.375
57.375
57.5
57.5
57.5
57.375
57.375
57.5
57.5
57.5
57.5
57.5
57.5
57.625
57.625
57.625
57.625
57.5
57.625
57.625
57.625
57.625
57.625
57.75
57.75
57.625
57.75
57.75
57.875
57.875
57.875
57.75
57.75
57.875
57.875
57.875
58
57.875
58
58
58
57.875
57.875
58
58
58
58
58
58.125
58.125
58
58
58
58.125
58.125
58.125
58.125
58.25
58.125
58.125
58.25
58.125
58.125
58.125
58.125
58.125
58.25
58.125
58.25
58.25
58.25
58.25
58.25
58.25
58.25
58.25
58.375
58.25
58.375
58.375
58.25
58.25
58.25
58.375
58.375
58.375
58.375
58.25
58.25
58.25
58.25
58.25
58.25
58.375
58.375
58.375
58.375
58.375
58.375
58.375
58.375
58.5
58.375
58.375
58.375
58.375
58.375
58.375
58.5
58.5
58.375
58.375
58.5
58.5
58.5
58.5
58.5
58.375
58.5
58.5
58.625
58.625
58.625
58.5
58.5
58.625
58.625
58.625
58.625
58.625
58.625
58.75
58.625
58.625
58.625
58.75
58.75
58.625
58.625
58.625
58.75
58.75
58.75
58.75
58.75
58.875
58.875
58.875
58.75
58.75
58.875
58.75
58.875
58.875
58.875
58.875
58.875
58.875
59
59
58.875
58.875
59
59
59
59
59.125
59
59.125
59.125
59
59.125
59.125
59.125
59.125
59.125
59.25
59.25
59.125
59.125
59.25
59.25
59.25
59.25
59.25
59.25
59.25
59.25
59.25
59.25
59.25
59.375
59.375
59.25
59.25
59.25
59.375
59.25
59.375
59.375
59.375
59.375
59.375
59.375
59.375
59.375
59.375
59.375
59.375
59.375
59.375
59.375
59.375
59.375
59.375
59.375
59.5
59.375
59.5
59.5
59.5
59.5
59.5
59.5
59.5
59.625
59.625
59.625
59.5
59.5
59.625
59.625
59.75
59.625
59.625
59.75
59.625
59.625
59.625
59.625
59.625
59.625
59.625
59.625
59.625
59.75
59.75
59.75
59.75
59.75
59.625
59.625
59.625
59.75
59.75
59.75
59.75
59.75
59.75
59.75
59.75
59.75
59.75
59.875
59.875
59.875
59.875
59.875
59.875
59.875
59.75
59.875
59.875
59.875
59.875
59.875
60
60
59.875
59.875
60
59.875
60
60
60
60
60
60
60.125
60.125
60.125
60.125
60.125
60.125
60.125
60.25
60.125
60.25
60.125
60.125
60.25
60.25
60.25
60.375
60.375
60.25
60.25
60.375
60.375
60.375
60.375
60.375
60.375
60.375
60.375
60.375
60.5
60.5
60.5
60.5
60.375
60.5
60.375
60.5
60.5
60.5
60.375
60.625
60.5
60.5
60.5
60.5
60.5
60.625
60.625
60.625
60.5
60.625
60.5
60.5
60.625
60.625
60.625
60.625
60.625
60.625
60.625
60.625
60.75
60.75
60.625
60.625
60.75
60.75
60.75
60.75
60.75
60.75
60.75
60.75
60.875
60.75
60.875
60.875
60.875
60.875
60.875
60.875
60.875
60.875
61
61
61
61
61
61
61.125
61
61.125
61.125
61.125
61
61.125
61.125
61.125
61.125
61.125
61.125
61.125
61.125
61.125
61.125
61.25
61.25
61.25
61.125
61.25
61.25
61.125
61.125
61.25
61.375
61.25
61.25
61.25
61.375
61.375
61.25
61.375
61.375
61.375
61.25
61.375
61.375
61.375
61.375
61.375
61.375
61.375
61.375
61.5
61.5
61.5
61.375
61.375
61.5
61.5
61.5
61.5
61.5
61.5
61.5
61.5
61.5
61.5
61.5
61.5
61.5
61.5
61.5
61.5
61.375
61.5
61.625
61.625
61.5
61.5
61.5
61.5
61.5
61.5
61.5
61.5
61.5
61.5
61.5
61.5
61.625
61.625
61.625
61.625
61.5
61.625
61.625
61.625
61.625
61.75
61.625
61.625
61.625
61.625
61.75
61.625
61.75
61.75
61.75
61.75
61.75
61.875
61.875
61.875
61.875
61.875
61.875
61.875
61.875
61.875
61.875
62
62
62
62
61.875
62
62
62
62
62.125
62
62
62.125
62
62.125
62
62
62.125
62.125
62
62.125
62.125
62.125
62.125
62.125
62.25
62.25
62.125
62.25
62.125
62.125
62.125
62.25
62.25
62.25
62.25
62.25
62.375
62.25
62.25
62.375
62.375
62.25
62.375
62.25
62.25
62.25
62.375
62.5
62.375
62.5
62.5
62.5
62.5
62.5
62.5
62.5
62.5
62.5
62.5
62.625
62.625
62.625
62.5
62.625
62.5
62.5
62.625
62.625
62.625
62.75
62.75
62.625
62.625
62.625
62.625
62.625
62.75
62.75
62.75
62.75
62.75
62.75
62.875
62.75
62.75
62.75
62.75
62.75
62.75
62.75
62.75
62.75
62.75
62.75
62.75
62.75
62.75
62.875
62.875
62.875
62.875
62.875
62.75
62.875
62.875
62.875
62.875
62.875
62.875
62.875
62.875
62.875
62.875
62.875
62.875
62.875
62.875
62.875
62.875
62.875
62.875
62.875
62.875
62.875
62.875
62.875
63
63
63
62.875
62.875
62.875
62.875
62.875
63
63
63
62.875
62.875
62.875
62.875
62.875
62.875
63
63
63
63
63
63
63
63
63
63
63
63.125
63.125
63.125
63
63.125
63.25
63.25
63.125
63.25
63.125
63.25
63.25
63.25
63.25
63.25
63.25
63.25
63.25
63.25
63.375
63.25
63.25
63.375
63.375
63.375
63.375
63.375
63.5
63.375
63.375
63.5
63.5
63.375
63.5
63.5
63.5
63.5
63.5
63.5
63.5
63.5
63.5
63.5
63.5
63.625
63.625
63.625
63.5
63.625
63.625
63.5
63.5
63.625
63.625
63.5
63.625
63.625
63.625
63.625
63.5
63.625
63.625
63.625
63.625
63.625
63.5
63.5
63.625
63.625
63.625
63.625
63.625
63.625
63.625
63.625
63.75
63.75
63.625
63.625
63.75
63.75
63.75
63.75
63.75
63.75
63.875
63.875
63.75
63.75
63.75
63.75
63.75
63.75
63.875
63.875
63.75
63.75
63.75
63.875
63.875
63.875
63.875
63.875
63.875
63.875
63.875
63.875
63.875
63.875
63.875
63.875
63.875
64
64
64
64.125
64.125
64
64.125
64
64
64
64
64
64
64
64
64
64
64
64
64
64
64
64.125
64
64
64
64.125
64
64
64
64.125
64.125
64.125
64.125
64.125
64.125
64.125
64.25
64.125
64.125
64.125
64.125
64.125
64.125
64.125
64.25
64.25
64.25
64.25
64.25
64.25
64.25
64.125
64.25
64.25
64.25
64.125
64.25
64.25
64.25
64.25
64.25
64.375
64.25
64.25
64.25
64.375
64.375
64.25
64.25
64.25
64.375
64.25
64.375
64.375
64.25
64.375
64.375
64.375
64.375
64.25
64.375
64.375
64.375
64.375
64.375
64.375
64.375
64.375
64.375
64.375
64.375
64.5
64.375
64.375
64.375
64.5
64.375
64.5
64.5
64.375
64.375
64.5
64.5
64.5
64.5
64.5
64.5
64.5
64.5
64.5
64.5
64.625
64.625
64.625
64.5
64.625
64.625
64.625
64.625
64.625
64.625
64.75
64.625
64.625
64.75
64.75
64.75
64.75
64.75
64.75
64.75
64.75
64.875
64.875
64.75
64.75
64.875
64.875
64.875
64.875
64.875
65
64.875
64.875
65
65
64.875
65
65
65
65
64.875
65
65
65
65
65
65
65
65.125
65
65
65
65
65.125
65.125
65.125
65.125
65.125
65.125
65
65.125
65.25
65.25
65.125
65.125
65.125
65.125
65.125
65.125
65.125
65.125
65.125
65.125
65.25
65.25
65.125
65.25
65.25
65.375
65.25
65.25
65.25
65.25
65.25
65.25
65.25
65.375
65.375
65.25
65.25
65.375
65.375
65.375
65.375
65.25
65.375
65.375
65.375
65.375
65.375
65.375
65.375
65.375
65.375
65.375
65.375
65.375
65.375
65.375
65.375
65.375
65.375
65.375
65.5
65.5
65.5
65.5
65.5
65.5
65.5
65.5
65.5
65.5
65.5
65.5
65.5
65.5
65.5
65.5
65.625
65.5
65.5
65.5
65.625
65.75
65.625
65.625
65.625
65.625
65.75
65.625
65.75
65.75
65.625
65.75
65.75
65.75
65.75
65.875
65.75
65.75
65.75
65.75
65.75
65.75
65.875
65.75
65.75
65.875
65.75
65.875
65.875
65.875
66
65.875
65.875
66
66
66
66
66
66
66
66
66
66
66
66
66
66.125
66
66.125
66.125
66.125
66
66.125
66.125
66.125
66.25
66.125
66.25
66.25
66.25
66.125
66.125
66.25
66.25
66.25
66.25
66.25
66.375
66.25
66.25
66.25
66.25
66.375
66.25
66.25
66.25
66.375
66.375
66.375
66.375
66.5
66.375
66.375
66.375
66.375
66.375
66.375
66.375
66.375
66.375
66.375
66.375
66.375
66.5
66.5
66.5
66.5
66.5
66.375
66.375
66.375
66.5
66.5
66.5
66.5
66.5
66.5
66.5
66.5
66.5
66.5
66.5
66.5
66.5
66.5
66.5
66.5
66.5
66.5
66.5
66.5
66.5
66.5
66.625
66.625
66.625
66.625
66.5
66.5
66.5
66.5
66.5
66.5
66.5
66.5
66.5
66.625
66.625
66.5
66.5
66.625
66.5
66.5
66.625
66.625
66.625
66.625
66.625
66.625
66.625
66.625
66.625
66.625
66.5
66.5
66.625
66.625
66.5
66.625
66.625
66.5
66.5
66.5
66.5
66.5
66.5
66.5
66.5
66.625
66.625
66.375
66.375
66.375
66.5
66.5
66.5
66.5
66.5
66.5
66.5
66.5
66.5
66.625
66.5
66.5
66.5
66.5
66.625
66.625
66.625
66.75
66.625
66.75
66.625
66.625
66.625
66.75
66.75
66.75
66.75
66.75
66.75
66.75
66.75
66.75
66.75
66.75
66.875
66.75
66.75
66.875
66.875
66.875
66.875
66.875
66.875
67
66.875
67
67
67
67
66.875
66.875
66.875
66.875
67
66.875
67
67
67
67
67
67
67
67
67
67.125
67
67
67
67.125
67.125
67.125
67.125
67
67.125
67.125
67.125
67.125
67.125
67.125
67.125
67.125
67.125
67.125
67.125
67.125
67.125
67.125
67.125
67.125
67.125
67.125
67.125
67.125
67.125
67.125
67
67
67.125
67.125
67.125
67.125
67.125
67.125
67.125
67.125
67.125
67.125
67.125
67.25
67.25
67.25
67.25
67.25
67.25
67.25
67.25
67.25
67.25
67.125
67.25
67.25
67.25
67.125
67.25
67.25
67.25
67.25
67.25
67.25
67.25
67.25
67.25
67.25
67.25
67.375
67.375
67.375
67.375
67.375
67.375
67.375
67.375
67.375
67.375
67.5
67.375
67.375
67.375
67.375
67.5
67.375
67.375
67.375
67.375
67.375
67.375
67.375
67.375
67.375
67.375
67.375
67.375
67.375
67.375
67.5
67.5
67.5
67.5
67.5
67.5
67.5
67.5
67.5
67.5
67.5
67.5
67.5
67.5
67.625
67.5
67.625
67.625
67.5
67.5
67.5
67.375
67.375
67.5
67.5
67.5
67.375
67.375
67.5
67.5
67.5
67.5
67.5
67.5
67.5
67.5
67.625
67.625
67.5
67.625
67.625
67.5
67.5
67.5
67.625
67.625
67.625
67.625
67.625
67.625
67.625
67.75
67.75
67.625
67.625
67.625
67.875
67.875
67.75
67.625
67.625
67.75
67.75
67.625
67.625
67.625
67.75
67.75
67.75
67.75
67.75
67.625
67.625
67.625
67.625
67.625
67.625
67.625
67.75
67.75
67.75
67.75
67.75
67.75
67.75
67.875
67.75
67.75
67.875
67.875
67.75
67.75
67.75
67.75
67.75
67.875
67.875
67.875
67.75
67.875
67.875
67.875
67.875
67.75
67.75
67.75
67.75
67.75
67.75
67.75
67.875
67.75
67.75
67.75
67.75
67.75
67.75
67.75
67.75
67.875
67.875
67.75
67.75
67.875
67.875
67.875
67.875
67.875
67.875
67.875
67.875
67.875
67.875
67.875
68
68
68
68
68
68
68
68
68
68
68
68
68
68
68
68
68
68
68
68
68
67.875
68
68
68
68
67.875
68
68
68
67.875
68
67.875
67.875
67.875
67.875
67.875
67.875
67.875
67.875
67.875
68
68
68
68
68
68
68.125
68.125
68
68.125
68.125
68.125
68.125
68.125
68.125
68.25
68.125
68.125
68.125
68.25
68.125
68.125
68.125
68.25
68.25
68.25
68.25
68.25
68.25
68.25
68.25
68.25
68.25
68.25
68.25
68.25
68.25
68.25
68.25
68.25
68.375
68.375
68.375
68.25
68.25
68.25
68.375
68.375
68.375
68.375
68.375
68.375
68.375
68.375
68.375
68.5
68.5
68.5
68.375
68.5
68.5
68.5
68.5
68.5
68.5
68.625
68.5
68.5
68.625
68.5
68.625
68.625
68.625
68.625
68.625
68.625
68.625
68.625
68.75
68.625
68.75
68.625
68.625
68.625
68.75
68.625
68.625
68.625
68.75
68.625
68.625
68.75
68.75
68.75
68.75
68.75
68.75
68.75
68.75
68.75
68.75
68.75
68.75
68.75
68.75
68.75
68.75
68.75
68.75
68.875
68.75
68.75
68.75
68.75
68.75
68.75
68.75
68.75
68.75
68.875
68.75
68.75
68.75
68.75
68.75
68.75
68.625
68.625
68.75
68.75
68.75
68.75
68.75
68.75
68.75
68.75
68.75
68.75
68.75
68.75
68.75
68.75
68.75
68.75
68.75
68.875
68.875
68.875
68.75
68.875
68.875
68.75
68.75
68.875
68.875
68.875
68.875
68.875
68.875
68.875
68.875
68.875
68.875
68.875
68.875
68.875
69
69
69
69
69
69
69
68.875
69
69
68.875
68.875
69
69
68.875
69
69
69
69.125
69
69
69
69.125
69
69.125
69.125
69.125
69
69.125
69.125
69.125
69.125
69.125
69.25
69.125
69.25
69.25
69.125
69.125
69.25
69.25
69.25
69.25
69.25
69.25
69.25
69.25
69.125
69.25
69.25
69.25
69.25
69.25
69.25
69.25
69.25
69.25
69.25
69.25
69.25
69.375
69.375
69.25
69.25
69.25
69.25
69.25
69.25
69.25
69.375
69.25
69.25
69.25
69.25
69.375
69.25
69.25
69.375
69.25
69.25
69.25
69.25
69.375
69.375
69.375
69.25
69.25
69.375
69.375
69.25
69.25
69.25
69.375
69.375
69.375
69.375
69.375
69.375
69.375
69.375
69.375
69.375
69.375
69.375
69.375
69.375
69.375
69.5
69.375
69.375
69.375
69.375
69.375
69.375
69.375
69.375
69.375
69.375
69.375
69.5
69.5
69.5
69.5
69.5
69.375
69.375
69.375
69.375
69.375
69.5
69.5
69.5
69.375
69.375
69.5
69.375
69.375
69.5
69.5
69.375
69.5
69.5
69.5
69.375
69.5
69.5
69.5
69.5
69.5
69.5
69.5
69.5
69.5
69.5
69.5
69.375
69.375
69.375
69.5
69.5
69.375
69.375
69.5
69.5
69.5
69.5
69.5
69.5
69.5
69.5
69.375
69.375
69.5
69.5
69.5
69.375
69.375
69.5
69.5
69.5
69.5
69.5
69.5
69.5
69.5
69.5
69.5
69.5
69.5
69.5
69.5
69.5
69.625
69.625
69.625
69.625
69.625
69.625
69.625
69.625
69.625
69.625
69.625
69.625
69.75
69.75
69.75
69.75
69.75
69.75
69.75
69.75
69.75
69.875
69.75
69.875
69.875
69.75
69.75
69.875
69.875
69.875
69.875
69.875
69.875
69.875
69.875
69.875
69.875
69.875
69.875
69.875
70
69.875
69.875
69.875
69.875
69.875
69.875
69.875
70
70
69.875
70
69.875
70
70
70
70
70
70
70
70
70
70
70
70
70
70
70
70
70
70
70.125
70.125
70
70
70
70.125
70
70.125
70.125
70.125
70.125
70.125
70.125
70.125
70.125
70.125
70.125
70.25
70.25
70.125
70.25
70.25
70.25
70.25
70.25
70.25
70.25
70.25
70.25
70.375
70.25
70.25
70.25
70.25
70.25
70.25
70.25
70.25
70.25
70.25
70.25
70.25
70.25
70.25
70.25
70.25
70.25
70.25
70.25
70.25
70.25
70.125
70.125
70.125
70.125
70.25
70.25
70.25
70.25
70.25
70.25
70.25
70.25
70.25
70.25
70.25
70.25
70.25
70.25
70.25
70.25
70.375
70.375
70.375
70.25
70.375
70.375
70.25
70.25
70.25
70.25
70.25
70.25
70.25
70.25
70.25
70.25
70.25
70.25
70.25
70.25
70.25
70.25
70.25
70.25
70.125
70.25
70.125
70.125
70.25
70.25
70.25
70.125
70.125
70.25
70.25
70.25
70.25
70.25
70.25
70.375
70.25
70.375
70.375
70.25
70.25
70.25
70.25
70.25
70.25
70.25
70.25
70.25
70.25
70.25
70.25
70.25
70.25
70.25
70.375
70.25
70.375
70.25
70.25
70.375
70.375
70.375
70.375
70.375
70.25
70.375
70.375
70.375
70.375
70.5
70.375
70.5
70.5
70.5
70.375
70.375
70.5
70.5
70.5
70.375
70.375
70.375
70.375
70.375
70.375
70.375
70.375
70.375
70.375
70.375
70.375
70.375
70.5
70.5
70.375
70.375
70.375
70.375
70.375
70.375
70.375
70.5
70.375
70.375
70.5
70.5
70.375
70.5
70.5
70.5
70.5
70.5
70.5
70.5
70.625
70.5
70.625
70.5
70.5
70.625
70.5
70.5
70.625
70.625
70.5
70.5
70.625
70.625
70.625
70.625
70.625
70.625
70.5
70.5
70.625
70.625
70.625
70.625
70.625
70.5
70.625
70.625
70.5
70.5
70.625
70.625
70.5
70.625
70.625
70.625
70.5
70.625
70.5
70.5
70.625
70.625
70.5
70.625
70.625
70.625
70.625
70.625
70.625
70.625
70.625
70.625
70.625
70.625
70.625
70.625
70.625
70.75
70.625
70.625
70.75
70.75
70.75
70.75
70.75
70.75
70.75
70.75
70.75
70.75
70.75
70.75
70.875
70.875
70.875
70.75
70.875
70.75
70.75
70.75
70.875
70.875
70.875
70.875
70.875
70.875
70.875
70.875
70.75
70.75
70.75
70.875
70.875
70.875
70.875
70.875
70.875
70.875
70.875
70.875
70.875
70.875
70.875
70.875
70.875
70.875
70.875
70.875
70.875
70.875
71
71
71
71
71
71.125
71.125
71
71.125
71.125
71.125
71.125
71.125
71.125
71.125
71.125
71.125
71.125
71.125
71.125
71.25
71.125
71.125
71.25
71.25
71.25
71.125
71.25
71.25
71.25
71.125
71.125
71.25
71.25
71.25
71.25
71.25
71.25
71.375
71.375
71.25
71.25
71.375
71.25
71.25
71.25
71.375
71.375
71.5
71.5
71.375
71.375
71.375
71.5
71.5
71.375
71.375
71.375
71.5
71.5
71.5
71.5
71.5
71.5
71.5
71.5
71.625
71.5
71.625
71.625
71.625
71.625
71.5
71.5
71.5
71.625
71.625
71.75
71.625
71.625
71.625
71.5
71.5
71.625
71.625
71.625
71.5
71.5
71.625
71.625
71.625
71.625
71.625
71.625
71.625
71.625
71.625
71.5
71.625
71.625
71.625
71.5
71.625
71.75
71.75
71.75
71.75
71.75
71.625
71.625
71.625
71.625
71.625
71.625
71.625
71.75
71.75
71.75
71.75
71.75
71.625
71.625
71.75
71.625
71.625
71.625
71.625
71.625
71.75
71.75
71.625
71.625
71.625
71.625
71.625
71.625
71.625
71.75
71.625
71.625
71.625
71.625
71.75
71.75
71.75
71.75
71.625
71.625
71.625
71.625
71.625
71.625
71.5
71.625
71.625
71.625
71.625
71.5
71.625
71.625
71.625
71.625
71.625
71.625
71.625
71.625
71.625
71.625
71.625
71.625
71.75
71.625
71.625
71.75
71.75
71.75
71.75
71.75
71.75
71.75
71.75
71.875
71.75
71.75
71.75
71.75
71.75
71.75
71.75
71.75
71.75
71.75
71.875
71.875
71.875
71.875
71.875
71.875
71.875
71.875
71.875
71.875
71.75
71.75
71.75
71.75
71.75
71.875
71.875
71.875
72
71.875
71.875
71.875
71.875
72
72
72
72
72
72
71.875
72
72
72
72
72
72
72
72
72
72.125
72
72
72
72
72
72.125
72.125
72.125
72.125
72
72.125
72.125
72.125
72.125
72
72.125
72
72
72.125
72.25
72.125
72.125
72.125
72.125
72.125
72.125
72.125
72.125
72.125
72
72.125
72.125
72.125
72
72.125
72
72.125
72.125
72.125
72.125
72.125
72.125
72.125
72.125
72
72.125
72
72
72.125
72.125
72.125
72.125
72.125
72.125
72.125
72.125
72.125
72.125
72
72.125
72.125
72.125
72.125
72.125
72.125
72.125
72.125
72.125
72.125
72
72.125
72.125
72.125
72.125
72.125
72.25
72.125
72.125
72.125
72.125
72.125
72.125
72.125
72.125
72.125
72.125
72.125
72.125
72.125
72
72.125
72.125
72.125
72
72.125
72.125
72.125
72.125
72.125
72.125
72.125
72.125
72.125
72.125
72.125
72.125
72.125
72.125
72.125
72.125
72.125
72
72
72
72.125
72
72.125
72.125
72.125
72.125
72.125
72.125
72.125
72
72
72.125
72.125
72.125
72.125
72.125
72
72.125
72.125
72.25
72.125
72.125
72.25
72.25
72.25
72.25
72.25
72.25
72.25
72.25
72.375
72.25
72.25
72.25
72.25
72.375
72.375
72.375
72.375
72.5
72.375
72.375
72.375
72.375
72.375
72.5
72.5
72.5
72.5
72.5
72.5
72.5
72.5
72.5
72.5
72.5
72.5
72.5
72.5
72.625
72.5
72.625
72.625
72.625
72.625
72.5
72.625
72.625
72.625
72.625
72.625
72.5
72.625
72.625
72.625
72.625
72.5
72.625
72.625
72.625
72.625
72.625
72.625
72.625
72.625
72.625
72.625
72.625
72.625
72.625
72.625
72.625
72.625
72.625
72.625
72.625
72.625
72.625
72.625
72.625
72.625
72.625
72.625
72.625
72.625
72.625
72.625
72.625
72.625
72.625
72.5
72.625
72.5
72.5
72.625
72.625
72.625
72.625
72.625
72.5
72.5
72.625
72.625
72.625
72.5
72.5
72.625
72.625
72.625
72.625
72.5
72.5
72.5
72.5
72.5
72.5
72.5
72.5
72.5
72.5
72.5
72.5
72.5
72.5
72.5
72.5
72.5
72.5
72.5
72.5
72.5
72.5
72.5
72.5
72.5
72.625
72.625
72.625
72.625
72.625
72.625
72.625
72.625
72.625
72.625
72.5
72.625
72.5
72.5
72.5
72.5
72.5
72.5
72.5
72.5
72.5
72.5
72.5
72.5
72.5
72.5
72.5
72.5
72.5
72.5
72.5
72.5
72.5
72.5
72.5
72.5
72.5
72.625
72.625
72.5
72.5
72.5
72.5
72.5
72.5
72.5
72.5
72.5
72.5
72.625
72.625
72.5
72.625
72.625
72.625
72.625
72.625
72.625
72.625
72.75
72.75
72.75
72.75
72.75
72.75
72.75
72.875
72.75
72.75
72.75
72.875
72.875
72.75
72.75
72.75
72.75
72.75
72.75
72.75
72.75
72.75
72.75
72.875
72.875
72.75
72.75
72.75
72.75
72.75
72.875
72.875
72.875
72.75
72.75
72.875
72.875
72.875
73
73
72.875
72.875
72.875
72.875
72.875
73
73
73
73
73
73
72.875
73
73
73
73
73
72.875
72.875
72.875
73
72.875
72.875
72.875
72.875
72.875
72.875
72.875
72.875
72.875
72.875
72.875
72.875
72.75
72.75
72.875
72.875
72.875
72.875
72.875
72.875
72.875
72.875
72.875
72.875
73
72.875
72.875
73
73
73
73
72.875
72.875
72.875
72.875
72.875
73
73
73
73
73
72.875
72.875
72.875
73
73
72.875
73
73
72.875
73
73
72.875
72.875
72.875
72.875
72.875
72.875
72.875
72.875
72.875
72.875
72.875
72.875
72.875
72.875
72.875
72.875
72.875
72.875
72.875
72.875
72.875
72.875
72.875
72.875
72.875
72.875
72.875
72.875
73
73
72.875
72.875
72.875
73
73
73.125
73.125
73
73.125
73
73
73
73
73
73.125
73.125
73.125
73.125
73.125
73.125
73.125
73.125
73.25
73.125
73.125
73.25
73.25
73.125
73.125
73.25
73.25
73.25
73.125
73.25
73.25
73.25
73.25
73.25
73.375
73.25
73.25
73.25
73.375
73.25
73.25
73.375
73.375
73.25
73.25
73.25
73.25
73.25
73.25
73.25
73.25
73.125
73.125
73.125
73.125
73.125
73.25
73.25
73.25
73.25
73.125
73.125
73.125
73.125
73.25
73.25
73.25
73.25
73.25
73.375
73.25
73.25
73.25
73.25
73.375
73.375
73.375
73.375
73.25
73.25
73.25
73.25
73.25
73.25
73.25
73.375
73.25
73.25
73.375
73.375
73.375
73.375
73.375
73.375
73.375
73.375
73.375
73.375
73.375
73.375
73.375
73.375
73.375
73.375
73.375
73.625
73.625
73.625
73.625
73.625
73.625
73.625
73.625
73.375
73.625
73.375
73.625
73.625
73.625
73.375
73.625
73.625
73.625
73.375
73.375
73.375
73.375
73.375
73.625
73.375
73.375
73.375
73.375
73.375
73.375
73.375
73.375
73.375
73.375
73.375
73.375
73.375
73.375
73.625
73.375
73.375
73.625
73.625
73.625
73.625
73.375
73.625
73.625
73.625
73.625
73.625
73.625
73.625
73.375
73.375
73.375
73.625
73.625
73.375
73.375
73.625
73.375
73.375
73.375
73.375
73.625
73.375
73.375
73.375
73.625
73.625
73.375
73.375
73.375
73.625
73.625
73.375
73.375
73.375
73.375
73.375
73.375
73.375
73.625
73.625
73.625
73.625
73.625
73.625
73.625
73.625
73.625
73.625
73.625
73.75
73.625
73.625
73.625
73.625
73.75
73.75
73.75
73.75
73.75
73.75
73.75
73.75
73.75
73.875
73.75
73.875
73.75
73.75
73.75
73.75
73.875
73.75
73.75
73.875
73.75
73.875
73.75
73.75
73.75
73.875
73.75
73.75
73.75
73.875
73.75
73.75
73.875
73.875
73.75
73.75
73.75
73.75
73.75
73.75
73.75
73.875
73.75
73.75
73.75
73.875
73.75
73.75
73.75
73.875
73.75
73.75
73.75
73.75
73.75
73.75
73.75
73.75
73.75
73.75
73.625
73.75
73.75
73.75
73.75
73.625
73.625
73.75
73.75
73.625
73.75
73.75
73.625
73.625
73.625
73.75
73.75
73.625
73.625
73.625
73.75
73.625
73.75
73.75
73.625
73.75
73.75
73.625
73.625
73.75
73.75
73.75
73.625
73.625
73.625
73.75
73.625
73.625
73.625
73.625
73.75
73.75
73.625
73.625
73.625
73.75
73.625
73.75
73.75
73.75
73.75
73.625
73.625
73.625
73.75
73.625
73.625
73.625
73.625
73.625
73.625
73.625
73.625
73.625
73.625
73.625
73.625
73.625
73.625
73.625
73.625
73.625
73.625
73.625
73.625
73.625
73.625
73.625
73.625
73.625
73.625
73.625
73.625
73.625
73.625
73.625
73.75
73.625
73.625
73.625
73.625
73.625
73.75
73.75
73.625
73.75
73.75
73.875
73.875
73.75
73.875
73.75
73.75
73.75
73.75
73.75
73.875
73.75
73.75
73.875
74
73.875
73.875
73.875
73.875
74
73.875
74
74
73.875
73.875
73.875
73.875
73.875
73.875
73.875
74
74
74
73.875
74
73.875
73.875
73.875
74
73.875
74
73.875
73.875
74
73.875
73.875
73.875
73.875
73.875
74
73.875
73.875
73.875
73.875
73.875
73.875
73.875
73.875
73.875
73.875
73.875
73.875
73.875
73.875
73.875
73.875
73.75
73.75
73.875
73.875
73.875
73.875
73.875
74
74
74
74
74
74
74
74
74
74
74.125
74
74.125
74.125
74.125
74.125
74.125
74.125
74.125
74.125
74
74.125
74.125
74.125
74.125
74.125
74.125
74.125
74.125
74.125
74.125
74.125
74.125
74.125
74.125
74.125
74.125
74.25
74.25
74.25
74.125
74.125
74.125
74.25
74.25
74.25
74.125
74.25
74.125
74.125
74.125
74.25
74.25
74.25
74.25
74.25
74.25
74.125
74.25
74.25
74.25
74.25
74.25
74.25
74.25
74.125
74.25
74.25
74.25
74.25
74.25
74.25
74.25
74.125
74.125
74.125
74.25
74.125
74.25
74.25
74.25
74.125
74.25
74.125
74.125
74.125
74.125
74.125
74.125
74.125
74.125
74.125
74.125
74.125
74.125
74.125
74.125
74.125
74.125
74.125
74.125
74.125
74.125
74.125
74.125
74.125
74.25
74.125
74.25
74.25
74.125
74.25
74.25
74.375
74.375
74.25
74.375
74.25
74.25
74.25
74.375
74.375
74.25
74.25
74.25
74.25
74.25
74.375
74.25
74.25
74.25
74.25
74.375
74.375
74.375
74.5
74.375
74.375
74.375
74.375
74.375
74.5
74.25
74.375
74.375
74.5
74.375
74.375
74.25
74.25
74.25
74.25
74.25
74.375
74.375
74.25
74.375
74.375
74.375
74.375
74.5
74.25
74.375
74.25
74.25
74.375
74.375
74.5
74.375
74.375
74.5
74.375
74.375
74.375
74.375
74.375
74.5
74.375
74.375
74.375
74.5
74.375
74.375
74.375
74.375
74.375
74.25
74.375
74.375
74.375
74.375
74.375
74.375
74.25
74.25
74.375
74.375
74.375
74.375
74.375
74.375
74.25
74.25
74.375
74.375
74.375
74.375
74.375
74.375
74.375
74.375
74.375
74.25
74.375
74.375
74.375
74.25
74.375
74.375
74.375
74.25
74.375
74.375
74.375
74.375
74.375
74.375
74.375
74.5
74.5
74.375
74.375
74.375
74.375
74.375
74.375
74.375
74.375
74.375
74.375
74.375
74.5
74.375
74.375
74.375
74.25
74.375
74.375
74.375
74.375
74.375
74.25
74.25
74.375
74.375
74.25
74.25
74.25
74.25
74.25
74.25
74.375
74.375
74.375
74.375
74.375
74.375
74.375
74.375
74.375
74.375
74.375
74.375
74.375
74.375
74.375
74.375
74.375
74.375
74.375
74.375
74.375
74.375
74.375
74.375
74.375
74.25
74.375
74.25
74.25
74.25
74.25
74.375
74.375
74.375
74.375
74.375
74.375
74.25
74.25
74.25
74.375
74.375
74.375
74.375
74.375
74.375
74.375
74.375
74.375
74.375
74.375
74.375
74.5
74.5
74.375
74.375
74.375
74.5
74.5
74.375
74.375
74.375
74.5
74.5
74.375
74.375
74.5
74.375
74.375
74.375
74.25
74.375
74.375
74.375
74.375
74.375
74.375
74.375
74.375
74.375
74.375
74.375
74.375
74.375
74.375
74.375
74.5
74.375
74.375
74.5
74.375
74.5
74.5
74.5
74.5
74.625
74.5
74.5
74.5
74.625
74.625
74.625
74.625
74.625
74.625
74.5
74.625
74.625
74.625
74.625
74.625
74.625
74.625
74.625
74.625
74.625
74.625
74.625
74.625
74.625
74.625
74.625
74.75
74.75
74.625
74.625
74.75
74.625
74.625
74.75
74.75
74.75
74.75
74.75
74.75
74.625
74.75
74.75
74.75
74.75
74.75
74.75
74.875
74.875
74.75
74.875
74.75
74.75
74.75
74.625
74.75
74.75
74.75
74.75
74.75
74.75
74.75
74.75
74.75
74.875
74.875
74.875
74.875
74.875
74.875
74.875
74.875
74.875
74.875
74.875
74.875
74.75
74.75
74.75
74.875
74.75
74.75
74.75
74.75
74.75
74.625
74.75
74.75
74.75
74.75
74.75
74.75
74.75
74.75
74.75
74.75
74.75
74.625
74.625
74.625
74.625
74.75
74.625
74.625
74.625
74.625
74.75
74.75
74.75
74.75
74.75
74.875
74.75
74.75
74.75
74.75
74.75
74.875
74.875
74.75
74.625
74.75
74.875
74.875
74.75
74.75
74.75
74.875
74.875
74.75
74.75
74.75
74.75
74.75
74.75
74.75
74.875
74.75
74.75
74.875
74.625
74.75
74.75
74.75
74.75
74.75
74.75
74.75
74.75
74.75
74.75
74.75
74.875
74.875
74.75
74.875
74.875
74.875
74.875
74.875
74.875
74.875
75
75
75
74.875
75
75
75
74.875
75
75
75
75
75
75
75
74.875
74.875
75
75
75
75
75
75
75
75
75
75
75
74.875
75
75
75
75
75
74.875
74.875
74.875
74.875
74.875
74.875
75
75
74.875
74.875
74.875
74.875
74.875
75
74.875
74.875
74.875
74.875
74.875
74.875
74.875
75
75
75
75
74.875
74.875
74.875
74.875
74.875
74.875
74.875
74.875
74.875
74.875
74.875
74.875
74.875
75
74.875
74.875
74.875
74.875
74.875
74.875
74.875
74.875
74.875
74.875
74.875
74.875
74.875
74.875
74.875
75
75
75
75
75
74.875
75
75
75
75
75
75
75
75
74.875
74.875
74.875
74.875
74.875
74.875
75
75
74.875
74.875
74.875
75
74.875
75
75
74.875
74.875
75
75
75
75
74.875
75
75
75
75
75
75
75
75
75.125
75.125
75
75.125
75.125
75.125
75.125
75.125
75.125
75.125
75.125
75.125
75.125
75.25
75.25
75.125
75.125
75.125
75.125
75.125
75.125
75.125
75.125
75.125
75.125
75
75.125
75
75
75
75
75
75
75
75
75.125
75.125
75.125
75.125
75.125
75.125
75
75
75
75
75.125
75.125
75.25
75.25
75.25
75.125
75.125
75.125
75.25
75.25
75.25
75.25
75.25
75.25
75.25
75.125
75.25
75.375
75.375
75.375
75.375
75.375
75.375
75.375
75.375
75.375
75.375
75.375
75.25
75.25
75.375
75.375
75.375
75.375
75.375
75.375
75.375
75.25
75.25
75.25
75.375
75.375
75.375
75.375
75.375
75.375
75.375
75.375
75.375
75.375
75.375
75.375
75.375
75.375
75.375
75.375
75.375
75.375
75.375
75.375
75.375
75.375
75.375
75.375
75.375
75.375
75.375
75.375
75.375
75.375
75.375
75.375
75.375
75.375
75.375
75.375
75.375
75.5
75.5
75.5
75.375
75.375
75.375
75.5
75.5
75.5
75.5
75.375
75.375
75.375
75.5
75.375
75.5
75.5
75.5
75.5
75.375
75.375
75.375
75.375
75.375
75.375
75.375
75.25
75.25
75.375
75.25
75.25
75.25
75.25
75.375
75.25
75.25
75.25
75.25
75.25
75.25
75.375
75.25
75.25
75.25
75.25
75.375
75.25
75.25
75.25
75.25
75.25
75.25
75.25
75.375
75.375
75.375
75.375
75.375
75.375
75.375
75.375
75.375
75.375
75.375
75.375
75.5
75.375
75.375
75.375
75.375
75.375
75.375
75.375
75.375
75.5
75.375
75.375
75.375
75.5
75.375
75.375
75.5
75.5
75.5
75.5
75.5
75.5
75.5
75.5
75.625
75.5
75.5
75.5
75.5
75.5
75.5
75.5
75.5
75.5
75.5
75.625
75.5
75.5
75.5
75.625
75.5
75.5
75.5
75.625
75.625
75.625
75.75
75.75
75.625
75.625
75.625
75.75
75.75
75.75
75.75
75.75
75.75
75.75
75.75
75.625
75.75
75.75
75.75
75.625
75.75
75.75
75.75
75.75
75.75
75.75
75.75
75.75
75.75
75.75
75.625
75.625
75.625
75.625
75.75
75.75
75.75
75.625
75.625
75.625
75.625
75.625
75.75
75.75
75.625
75.625
75.625
75.75
75.75
75.75
75.625
75.75
75.75
75.75
75.625
75.625
75.625
75.625
75.625
75.625
75.625
75.625
75.625
75.625
75.75
75.75
75.75
75.75
75.75
75.75
75.75
75.75
75.625
75.625
75.75
75.75
75.75
75.75
75.75
75.75
75.75
75.625
75.75
75.75
75.75
75.75
75.75
75.75
75.75
75.75
75.75
75.75
75.75
75.75
75.75
75.75
75.75
75.75
75.75
75.75
75.75
75.875
75.75
75.75
75.75
75.75
75.875
75.75
75.75
75.75
75.875
75.75
75.75
75.75
75.875
75.875
75.875
75.875
75.875
75.875
76
75.875
75.875
75.875
75.875
76
75.875
75.875
75.875
76
76
75.875
76
76
76
76
75.875
76
76
76
76
76
76
76
76
76
76
76
76
76.125
76
76.125
76
76
76
76.125
76
76
76
76.125
76
76
76
76
76.125
76.125
76.125
76.125
76.125
76.25
76.125
76.125
76.125
76.125
76.125
76.125
76.125
76.125
76.125
76.25
76.125
76
76.125
76.125
76.125
76.125
76.125
76.125
76.125
76.125
76.125
76.125
76.125
76.125
76.125
76.125
76.125
76.125
76.125
76.125
76
76.125
76
76
76.125
76.125
76.125
76
76
76
76
76
76
76
76
76
76
76
76
76
76
76
75.875
75.875
76
75.875
76
76
76
76
76
76
75.875
75.875
76
76
76
75.875
75.875
75.875
76
75.875
76
76
76
75.875
76
76
76
76
76
76
76
76
76
76
76
76
76
76
76
75.875
75.875
75.875
75.875
75.75
75.75
75.75
75.75
75.75
75.75
75.75
75.75
75.75
75.75
75.75
75.75
75.75
75.75
75.75
75.75
75.75
75.75
75.75
75.75
75.75
75.75
75.875
75.875
75.75
75.875
75.875
75.875
75.875
75.875
75.875
75.875
75.875
75.875
75.875
75.875
75.875
75.875
75.875
75.875
75.875
75.875
75.875
75.875
76
75.875
75.875
76
76
75.875
75.875
75.875
75.875
75.875
75.875
75.875
75.875
76
76
75.875
75.875
75.875
75.875
75.875
76
76
76
76
76
76
76
76
76.125
76.125
76
76.125
76
76
76
76
76.125
76.125
76.125
76.125
76.125
76.125
76.125
76.125
76.125
76.125
76.25
76.125
76.25
76.25
76.125
76.125
76.125
76.25
76.25
76.25
76.25
76.25
76.125
76.125
76.25
76.25
76.25
76.25
76.25
76.25
76.25
76.25
76.25
76.25
76.25
76.25
76.25
76.125
76.125
76.125
76.25
76.25
76.25
76.25
76.25
76.125
76.125
76.25
76.25
76.125
76.25
76.25
76.25
76.25
76.25
76.25
76.125
76.25
76.25
76.25
76.25
76.25
76.25
76.25
76.25
76.25
76.25
76.125
76.125
76.125
76.125
76.125
76
76
76.125
76.125
76.125
76.125
76.125
76.125
76
76
76
76
76
76
76
76
76
76
76
76
75.875
75.875
76
76
76
75.875
75.875
75.875
75.875
75.875
75.875
75.875
75.875
75.875
75.875
75.875
75.875
75.875
75.875
75.875
75.875
75.875
76
75.875
75.875
75.875
75.875
75.875
76
76
75.875
75.875
76
76
76
75.875
75.875
76
76
76
76
76
76
76
76
76
76
76
76
76
76
76
76
76
76
76
76
76.125
76
76.125
76
76
76
76
76
76
76
76
76
76
76
76
76
76
76
76
76
76
76.125
76
76.125
76.125
76.125
76
76.125
76
76
76
76
76
76
76
76
76.125
76
76.125
76.125
76
76.125
76.125
76.125
76.125
76.125
76.125
76.125
76.125
76.125
76.125
76.125
76.125
76.25
76.25
76.25
76.25
76.25
76.125
76.125
76.125
76.25
76.25
76.25
76.25
76.25
76.25
76.25
76.125
76.125
76.125
76.125
76.125
76.125
76.125
76.125
76
76.125
76.125
76.125
76.125
76.125
76
76.125
76.125
76.125
76.125
76.125
76.125
76.125
76.125
76.125
76.125
76.125
76.125
76
76.125
76.125
76.125
76.125
76
76
76.125
76
76
76
76
76
76.125
76.125
76
76
76
76
76
76
76
76
76
76
76
76
76
76
76
76
76
76
76
76
76
76
76
76
76
76
76
76
76
76
76
76
76.125
76
76
76
76
76
76.125
76.125
76.125
76.125
76.125
76.125
76.125
76.125
76.125
76.125
76.25
76.25
76.125
76.125
76.125
76.125
76.125
76.125
76.125
76.125
76.25
76.25
76.125
76.25
76.125
76.25
76.25
76.25
76.125
76.125
76.25
76.25
76.25
76.25
76.25
76.25
76.25
76.25
76.125
76.25
76.25
76.25
76.25
76.25
76.375
76.25
76.25
76.25
76.375
76.25
76.25
76.25
76.25
76.375
76.375
76.25
76.25
76.25
76.25
76.25
76.375
76.375
76.375
76.375
76.375
76.375
76.375
76.375
76.375
76.375
76.25
76.25
76.375
76.25
76.25
76.25
76.25
76.25
76.25
76.25
76.25
76.25
76.25
76.25
76.25
76.25
76.25
76.25
76.25
76.25
76.25
76.25
76.25
76.25
76.25
76.25
76.25
76.25
76.25
76.25
76.25
76.25
76.25
76.25
76.25
76.25
76.25
76.25
76.25
76.25
76.25
76.25
76.25
76.25
76.25
76.25
76.25
76.25
76.25
76.25
76.25
76.25
76.25
76.25
76.25
76.25
76.25
76.25
76.25
76.125
76.25
76.25
76.25
76.125
76.125
76.125
76.125
76.125
76.25
76.125
76.125
76.125
76.125
76.125
76.25
76.125
76.125
76.25
76.25
76.25
76.25
76.25
76.25
76.25
76.125
76.25
76.25
76.25
76.25
76.25
76.125
76.125
76.25
76.25
76.25
76.25
76.25
76.25
76.25
76.25
76.25
76.25
76.25
76.25
76.25
76.25
76.25
76.25
76.25
76.25
76.25
76.25
76.25
76.25
76.375
76.25
76.25
76.25
76.25
76.25
76.375
76.375
76.25
76.25
76.25
76.375
76.375
76.25
76.375
76.25
76.25
76.25
76.25
76.25
76.25
76.25
76.25
76.375
76.25
76.375
76.25
76.25
76.25
76.375
76.375
76.375
76.375
76.375
76.25
76.25
76.375
76.375
76.375
76.25
76.25
76.375
76.375
76.25
76.25
76.375
76.375
76.375
76.375
76.375
76.375
76.375
76.375
76.375
76.375
76.375
76.375
76.375
76.375
76.375
76.375
76.375
76.375
76.375
76.25
76.375
76.375
76.375
76.375
76.375
76.375
76.375
76.375
76.375
76.375
76.375
76.375
76.375
76.375
76.375
76.375
76.5
76.5
76.375
76.5
76.5
76.5
76.5
76.5
76.375
76.5
76.5
76.5
76.5
76.5
76.5
76.5
76.5
76.5
76.5
76.5
76.5
76.5
76.5
76.5
76.5
76.5
76.5
76.5
76.5
76.5
76.5
76.5
76.5
76.5
76.5
76.5
76.5
76.5
76.5
76.5
76.5
76.5
76.5
76.5
76.5
76.5
76.5
76.5
76.375
76.375
76.375
76.375
76.375
76.375
76.375
76.375
76.375
76.375
76.375
76.375
76.375
76.375
76.375
76.375
76.375
76.375
76.375
76.25
76.375
76.375
76.375
76.375
76.375
76.25
76.375
76.375
76.375
76.375
76.375
76.375
76.375
76.375
76.5
76.5
76.375
76.375
76.375
76.5
76.5
76.375
76.375
76.375
76.375
76.5
76.5
76.5
76.5
76.625
76.5
76.625
76.5
76.5
76.5
76.5
76.5
76.5
76.5
76.5
76.5
76.5
76.5
76.5
76.5
76.375
76.5
76.5
76.5
76.375
76.5
76.5
76.5
76.5
76.5
76.5
76.5
76.5
76.5
76.5
76.5
76.5
76.375
76.375
76.5
76.5
76.5
76.5
76.5
76.5
76.5
76.5
76.5
76.5
76.625
76.5
76.625
76.5
76.5
76.5
76.5
76.625
76.625
76.625
76.625
76.625
76.625
76.625
76.625
76.625
76.625
76.625
76.75
76.75
76.75
76.75
76.75
76.75
76.75
76.75
76.75
76.625
76.75
76.75
76.75
76.75
76.75
76.75
76.75
76.75
76.75
76.75
76.75
76.75
76.75
76.875
76.875
76.875
76.875
76.875
76.875
76.875
76.75
76.75
76.75
76.875
76.875
76.875
76.875
76.875
76.75
76.75
76.875
76.875
76.875
76.875
76.875
76.875
76.875
76.875
76.75
76.875
76.875
76.875
76.875
76.875
76.875
76.875
76.875
76.75
76.875
76.875
76.875
76.875
76.875
76.875
76.875
76.875
76.875
76.875
76.875
76.875
76.75
76.75
76.875
76.875
76.875
76.875
76.875
76.875
76.875
76.75
76.875
76.875
76.75
76.875
76.875
76.75
76.75
76.875
76.875
76.75
76.75
76.75
76.75
76.875
76.75
76.75
76.75
76.75
76.75
76.75
76.75
76.75
76.75
76.75
76.75
76.875
76.875
76.75
76.75
76.75
76.875
76.875
76.75
76.75
76.75
76.75
76.75
76.625
76.75
76.75
76.75
76.75
76.75
76.75
76.75
76.75
76.75
76.75
76.75
76.75
76.75
76.75
76.75
76.75
76.75
76.75
76.75
76.75
76.75
76.75
76.75
76.75
76.75
76.75
76.875
76.875
76.875
76.75
76.875
76.875
76.875
76.875
76.875
76.875
76.875
76.875
76.875
77
77
76.875
76.875
76.875
77
76.875
76.875
77
77
77
77
76.875
76.875
76.875
76.875
77
77
77
77
77
77
77
76.875
76.875
77
77
77
77
77
77
77
77
77
77
77
77
77
77
77
77
77
77
77
77
77.125
77
77
77
77
77
77
77
77
77
77
76.875
77
77
77
77
77
76.875
77
77
77
76.875
77
77
77
77
77
77
77
77
77
77
77
77
77
77
77
77
77
77
77
77
77
77
77
77
77
77
77.125
77.125
77
77.125
77
77
77
77
77
77
77
77
77
77
77
77
77
77
77
77
77
77
77
76.875
76.875
77
77
77
77
76.875
76.875
76.875
76.875
76.875
76.875
76.875
76.875
76.875
76.875
77
77
77
77
76.875
77
77
77
77
77
77
77
77
76.875
76.875
77
76.875
76.875
76.875
77
77
77
77
77
77.125
77.125
77.125
77.125
77.125
77.125
77.125
77
77
77.125
77.125
77.25
77.125
77.125
77.125
77.25
77.25
77.25
77.25
77.25
77.25
77.25
77.25
77.25
77.375
77.25
77.25
77.375
77.375
77.25
77.25
77.25
77.375
77.375
77.25
77.25
77.375
77.375
77.375
77.375
77.375
77.375
77.375
77.375
77.375
77.375
77.375
77.375
77.375
77.375
77.375
77.375
77.375
77.375
77.375
77.375
77.5
77.5
77.5
77.5
77.5
77.375
77.5
77.5
77.5
77.5
77.5
77.5
77.5
77.5
77.5
77.375
77.375
77.375
77.5
77.5
77.375
77.5
77.5
77.5
77.5
77.5
77.5
77.5
77.375
77.5
77.5
77.375
77.375
77.375
77.5
77.375
77.375
77.375
77.375
77.375
77.375
77.375
77.375
77.375
77.375
77.375
77.375
77.375
77.375
77.375
77.375
77.375
77.375
77.375
77.375
77.375
77.375
77.375
77.375
77.25
77.375
77.375
77.375
77.375
77.375
77.375
77.375
77.375
77.375
77.375
77.375
77.375
77.375
77.375
77.375
77.375
77.375
77.375
77.375
77.375
77.375
77.375
77.375
77.375
77.375
77.5
77.375
77.375
77.375
77.5
77.375
77.375
77.375
77.5
77.5
77.375
77.5
77.5
77.5
77.375
77.5
77.5
77.5
77.5
77.5
77.375
77.5
77.5
77.5
77.5
77.5
77.5
77.5
77.5
77.5
77.5
77.5
77.5
77.5
77.5
77.5
77.5
77.5
77.5
77.375
77.5
77.375
77.375
77.375
77.5
77.375
77.5
77.5
77.5
77.5
77.5
77.375
77.375
77.375
77.5
77.375
77.375
77.375
77.5
77.5
77.5
77.625
77.625
77.5
77.5
77.625
77.5
77.5
77.5
77.5
77.5
77.625
77.625
77.625
77.5
77.5
77.5
77.5
77.5
77.625
77.5
77.5
77.5
77.5
77.5
77.5
77.5
77.5
77.5
77.5
77.5
77.5
77.5
77.625
77.625
77.625
77.625
77.625
77.5
77.625
77.625
77.625
77.625
77.5
77.625
77.625
77.625
77.625
77.625
77.625
77.5
77.625
77.625
77.625
77.625
77.625
77.625
77.625
77.625
77.625
77.625
77.625
77.625
77.625
77.625
77.625
77.625
77.625
77.625
77.625
77.625
77.625
77.625
77.625
77.625
77.75
77.75
77.75
77.625
77.75
77.75
77.75
77.75
77.625
77.75
77.75
77.625
77.625
77.625
77.625
77.625
77.625
77.625
77.625
77.625
77.625
77.625
77.625
77.625
77.625
77.625
77.625
77.625
77.625
77.625
77.625
77.625
77.625
77.625
77.625
77.625
77.5
77.5
77.625
77.625
77.5
77.625
77.625
77.625
77.5
77.5
77.625
77.625
77.625
77.625
77.625
77.625
77.625
77.75
77.625
77.625
77.625
77.625
77.75
77.75
77.75
77.75
77.75
77.75
77.75
77.625
77.75
77.75
77.75
77.875
77.75
77.75
77.75
77.875
77.875
77.75
77.75
77.75
77.75
77.875
77.75
77.875
77.875
77.75
77.75
77.875
77.875
77.875
77.75
77.875
77.875
77.875
77.875
77.875
77.875
77.875
77.875
77.875
77.875
77.75
77.75
77.875
77.875
77.75
77.75
77.875
77.75
77.75
77.75
77.875
77.75
77.75
77.75
77.75
77.75
77.75
77.75
77.75
77.75
77.75
77.75
77.75
77.75
77.75
77.75
77.75
77.75
77.75
77.75
77.75
77.75
77.875
77.875
77.75
77.75
77.75
77.75
77.75
77.75
77.75
77.75
77.75
77.75
77.75
77.75
77.75
77.75
77.75
77.75
77.75
77.75
77.75
77.75
77.625
77.625
77.75
77.625
77.625
77.625
77.625
77.625
77.625
77.625
77.625
77.625
77.625
77.625
77.625
77.625
77.625
77.625
77.625
77.625
77.625
77.625
77.625
77.625
77.625
77.625
77.75
77.75
77.75
77.75
77.75
77.75
77.625
77.625
77.625
77.75
77.625
77.75
77.75
77.75
77.75
77.75
77.625
77.75
77.75
77.75
77.75
77.75
77.75
77.75
77.75
77.75
77.625
77.625
77.625
77.75
77.75
77.625
77.625
77.625
77.625
77.625
77.625
77.625
77.625
77.625
77.75
77.625
77.625
77.625
77.625
77.75
77.75
77.75
77.75
77.75
77.75
77.75
77.75
77.75
77.75
77.75
77.75
77.875
77.875
77.75
77.75
77.875
77.75
77.75
77.75
77.75
77.75
77.75
77.75
77.75
77.75
77.75
77.75
77.75
77.75
77.75
77.75
77.75
77.75
77.75
77.75
77.75
77.75
77.75
77.75
77.75
77.75
77.75
77.75
77.75
77.75
77.75
77.75
77.75
77.75
77.75
77.75
77.75
77.75
77.875
77.875
77.75
77.75
77.75
77.75
77.75
77.75
77.75
77.75
77.75
77.75
77.75
77.75
77.75
77.75
77.75
77.75
77.625
77.625
77.625
77.625
77.625
77.625
77.625
77.625
77.75
77.75
77.75
77.75
77.75
77.75
77.75
77.75
77.75
77.75
77.75
77.75
77.75
77.75
77.75
77.75
77.75
77.625
77.625
77.75
77.75
77.75
77.75
77.75
77.625
77.625
77.625
77.75
77.75
77.625
77.625
77.625
77.625
77.625
77.625
77.625
77.625
77.625
77.625
77.625
77.625
77.625
77.625
77.625
77.625
77.625
77.625
77.625
77.625
77.625
77.625
77.625
77.625
77.625
77.625
77.625
77.625
77.625
77.625
77.625
77.625
77.625
77.625
77.625
77.625
77.625
77.5
77.625
77.625
77.5
77.625
77.5
77.5
77.5
77.5
77.5
77.5
77.5
77.5
77.5
77.625
77.625
77.625
77.625
77.625
77.5
77.5
77.5
77.5
77.5
77.5
77.375
77.5
77.5
77.5
77.5
77.5
77.5
77.5
77.5
77.5
77.5
77.5
77.5
77.5
77.5
77.5
77.625
77.625
77.625
77.5
77.5
77.5
77.5
77.5
77.5
77.5
77.625
77.625
77.5
77.5
77.5
77.5
77.5
77.5
77.5
77.5
77.5
77.5
77.5
77.5
77.5
77.5
77.5
77.625
77.5
77.625
77.5
77.5
77.625
77.5
77.5
77.625
77.625
77.5
77.625
77.625
77.5
77.5
77.625
77.625
77.625
77.5
77.5
77.5
77.5
77.5
77.5
77.5
77.625
77.625
77.625
77.5
77.5
77.5
77.625
77.5
77.625
77.625
77.625
77.625
77.5
77.625
77.625
77.625
77.75
77.625
77.625
77.625
77.625
77.625
77.75
77.625
77.625
77.625
77.625
77.625
77.625
77.625
77.625
77.625
77.625
77.625
77.625
77.625
77.75
77.625
77.625
77.625
77.625
77.625
77.625
77.625
77.625
77.625
77.625
77.625
77.625
77.625
77.625
77.625
77.625
77.625
77.625
77.625
77.625
77.625
77.625
77.625
77.625
77.625
77.625
77.625
77.625
77.625
77.625
77.625
77.5
77.5
77.5
77.5
77.5
77.5
77.5
77.5
77.5
77.5
77.5
77.5
77.5
77.5
77.5
77.5
77.5
77.625
77.625
77.625
77.625
77.625
77.5
77.5
77.5
77.5
77.5
77.5
77.5
77.5
77.375
77.375
77.5
77.5
77.5
77.5
77.5
77.5
77.5
77.5
77.5
77.5
77.5
77.5
77.375
77.375
77.375
77.375
77.5
77.375
77.375
77.375
77.375
77.375
77.375
77.375
77.375
77.375
77.375
77.375
77.375
77.375
77.5
77.5
77.5
77.5
77.5
77.5
77.5
77.5
77.5
77.5
77.5
77.5
77.5
77.5
77.5
77.5
77.5
77.5
77.625
77.625
77.625
77.5
77.5
77.625
77.625
77.5
77.625
77.625
77.625
77.625
77.625
77.625
77.625
77.625
77.625
77.625
77.625
77.625
77.625
77.625
77.625
77.5
77.5
77.625
77.625
77.625
77.5
77.5
77.625
77.625
77.625
77.75
77.625
77.625
77.625
77.625
77.625
77.75
77.625
77.625
77.625
77.75
77.625
77.625
77.625
77.75
77.75
77.75
77.75
77.75
77.75
77.75
77.75
77.75
77.75
77.75
77.75
77.75
77.75
77.75
77.75
77.75
77.75
77.75
77.75
77.875
77.75
77.75
77.75
77.75
77.75
77.75
77.75
77.75
77.75
77.75
77.75
77.75
77.75
77.75
77.75
77.75
77.75
77.75
77.75
77.75
77.75
77.75
77.75
77.75
77.75
77.625
77.625
77.625
77.625
77.625
77.625
77.625
77.625
77.625
77.625
77.625
77.625
77.625
77.625
77.625
77.625
77.625
77.625
77.625
77.625
77.625
77.625
77.5
77.5
77.625
77.625
77.625
77.625
77.625
77.625
77.625
77.625
77.625
77.625
77.5
77.625
77.625
77.625
77.625
77.5
77.625
77.625
77.625
77.625
77.625
77.625
77.625
77.625
77.625
77.75
77.625
77.625
77.75
77.75
77.625
77.75
77.75
77.75
77.75
77.75
77.75
77.75
77.75
77.75
77.75
77.75
77.75
77.875
77.875
77.875
77.75
77.75
77.75
77.75
77.875
77.875
77.875
77.875
77.875
77.875
77.875
77.875
77.875
77.875
77.875
77.875
77.875
77.875
77.875
77.875
77.875
77.875
77.875
77.875
77.875
77.875
77.875
77.875
77.875
77.875
77.875
77.875
78
78
78
78
78
78
78
77.875
78
78
78
78
78.125
78
78
78.125
78.125
78
78
78
78
78
78
78
78
78
78
78
78
78
78.125
78.125
78.125
78
78.125
78.125
78.125
78.125
78.125
78
78.125
78.125
78.125
78.125
78
78.125
78.125
78.125
78.125
78.125
78
78
78.125
78.125
78.125
78.125
78.125
78
78.125
78.125
78.125
78.125
78
78.125
78.125
78.125
78.125
78
78.125
78.125
78.125
78.125
78
78
78
78
78
77.875
77.875
77.875
77.875
77.875
78
78
78
77.875
77.875
78
78
77.875
78
78
78
78
78
78
78
77.875
78
78
78
78
77.875
78
78
78
78
78
78
77.875
78
78
78
78
78
78
78
78
78
78
78
78
78
78
78
78
78
78
78
78
78
78
78
78
78
78.125
78.125
78
78
78
78
78
78
78
78
78
78
78
78
78
78
78
78.125
78
78
78.125
78.125
78.125
78.125
78.125
78.125
78.125
78.125
78.125
78.125
78.125
78.125
78.25
78.125
78.125
78.125
78.125
78.125
78.25
78.125
78.125
78.125
78.125
78.25
78.125
78.125
78.125
78.125
78.125
78.125
78.125
78.125
78.125
78.125
78.125
78.125
78.125
78.125
78.125
78.125
78.125
78.125
78.125
78.125
78.125
78.25
78.25
78.125
78.125
78.125
78.125
78.125
78.25
78.125
78.125
78.125
78.125
78.125
78.125
78.125
78.125
78.125
78.125
78.125
78.125
78
78
78
78
78
78
78
77.875
78
78
78
78
77.875
78
78
78
78
78
77.875
78
78
78
77.875
78
78
78
78
78
78
78
78
78
78
78
78
78
78
77.875
77.875
77.875
77.875
77.875
77.875
77.875
77.875
77.875
77.875
77.875
77.875
77.875
77.875
77.875
78
77.875
78
78
78
77.875
78
78
78
78
78
78
78
78
78
78
78
78
78
78
78
78
78
77.875
77.875
78
78
78
78
78
78
78
78
78
78
78
77.875
78
78
78
78
78
78
78
78
78
78
78
78
78
78
78
77.875
77.875
77.875
77.875
77.875
77.875
78
78
77.875
77.875
77.875
77.875
77.875
78
77.875
78
77.875
77.875
77.875
77.875
78
78
78
78
77.875
78
78
78
78
78
78.125
78
78
78
78
78
78.125
78.125
78.125
78.125
78.125
78.125
78.125
78.125
78.125
78.125
78.125
78.125
78.125
78.125
78.125
78.125
78.125
78.125
78.125
78.25
78.25
78.25
78.125
78.125
78.25
78.25
78.25
78.125
78.25
78.25
78.25
78.25
78.25
78.25
78.25
78.25
78.25
78.25
78.25
78.25
78.25
78.25
78.125
78.25
78.125
78.125
78.125
78.25
78.125
78.125
78.125
78.125
78.125
78.125
78.125
78.125
78.125
78.125
78.125
78.125
78.125
78.125
78.125
78.125
78
78.125
78.125
78
78.125
78.125
78.125
78.125
78
78
78.125
78
78
78
78.125
78.125
78
78
78.125
78
78.125
78.125
78.125
78.125
78.125
78.125
78.125
78.125
78.125
78.125
78.125
78.125
78.125
78.125
78.125
78.125
78.125
78.125
78.125
78.125
78.125
78.125
78.125
78.125
78.125
78.125
78.125
78.125
78.125
78
78.125
78.125
78.125
78.125
78.125
78.125
78.125
78.125
78.125
78.125
78.125
78.125
78.125
78.125
78.25
78.125
78.25
78.25
78.125
78.125
78.125
78.125
78.125
78.125
78.125
78.125
78.125
78.125
78.125
78.125
78.125
78.125
78.125
78.125
78.125
78.125
78.125
78.125
78.25
78.25
78.25
78.25
78.25
78.25
78.25
78.25
78.25
78.25
78.25
78.25
78.25
78.125
78.125
78.25
78.25
78.125
78.125
78.125
78.125
78.125
78.125
78.125
78.125
78.25
78.25
78.25
78.25
78.25
78.25
78.25
78.25
78.25
78.25
78.25
78.25
78.25
78.25
78.25
78.25
78.25
78.25
78.125
78.125
78.25
78.25
78.25
78.375
78.375
78.25
78.25
78.25
78.25
78.25
78.375
78.25
78.25
78.25
78.25
78.25
78.25
78.25
78.25
78.25
78.25
78.25
78.25
78.25
78.25
78.25
78.25
78.25
78.125
78.125
78.25
78.125
78.25
78.25
78.25
78.25
78.125
78.125
78.25
78.25
78.25
78.25
78.25
78.25
78.25
78.125
78.125
78.25
78.25
78.25
78.125
78.25
78.25
78.125
78.125
78.25
78.25
78.25
78.25
78.25
78.25
78.125
78.25
78.25
78.25
78.125
78.125
78.25
78.25
78.25
78.25
78.125
78.125
78.125
78.125
78.125
78.125
78.125
78
78
78.125
78.125
78
78
78
78
78
78
78
78
78
77.875
78
78
78
78
78
78
78
78
78
78
77.875
78
78
78
78
77.875
77.875
77.875
78
77.875
77.875
77.875
77.875
77.875
77.875
77.875
77.875
77.875
78
78
78
78
78
78
78
78
78
78
78
78
78
78
78
77.875
78
78
78
78
78
78
78
78
78
78
78
78
78.125
78.125
78
78
78.125
78
78
78
78
78
78
78
78.125
78.125
78.25
78.25
78.25
78.125
78.125
78.125
78.125
78.125
78.25
78.25
78.25
78.25
78.25
78.25
78.25
78.25
78.25
78.25
78.25
78.25
78.375
78.375
78.375
78.375
78.375
78.25
78.25
78.25
78.375
78.25
78.375
78.375
78.375
78.375
78.375
78.375
78.375
78.375
78.375
78.375
78.375
78.375
78.375
78.375
78.375
78.375
78.375
78.375
78.375
78.375
78.375
78.375
78.375
78.375
78.375
78.375
78.375
78.375
78.375
78.375
78.375
78.375
78.375
78.375
78.375
78.375
78.375
78.375
78.375
78.375
78.375
78.375
78.375
78.375
78.375
78.375
78.375
78.375
78.375
78.375
78.375
78.375
78.375
78.25
78.375
78.25
78.375
78.375
78.375
78.25
78.375
78.375
78.375
78.25
78.375
78.375
78.375
78.375
78.25
78.25
78.25
78.25
78.25
78.25
78.25
78.125
78.25
78.25
78.25
78.125
78.25
78.25
78.25
78.25
78.125
78.25
78.125
78.125
78.25
78.25
78.125
78.25
78.25
78.25
78.125
78.25
78.125
78.125
78.125
78.25
78.125
78.125
78.125
78.125
78.125
78.125
78.125
78.125
78.125
78.125
78.25
78.25
78.25
78.25
78.25
78.25
78.25
78.25
78.25
78.25
78.25
78.125
78.125
78.25
78.25
78.25
78.25
78.25
78.25
78.125
78.125
78.25
78.25
78.25
78.25
78.125
78.25
78.25
78.25
78.25
78.25
78.25
78.25
78.125
78.125
78.25
78.25
78.25
78.25
78.125
78.125
78.25
78.25
78.25
78.25
78.25
78.25
78.25
78.25
78.25
78.25
78.25
78.25
78.125
78.125
78.25
78.25
78.25
78.25
78.25
78.25
78.25
78.25
78.125
78.25
78.25
78.375
78.375
78.25
78.25
78.25
78.25
78.25
78.25
78.375
78.375
78.375
78.375
78.375
78.25
78.25
78.25
78.25
78.25
78.25
78.25
78.25
78.25
78.25
78.25
78.25
78.25
78.25
78.25
78.25
78.25
78.25
78.25
78.25
78.25
78.25
78.25
78.25
78.25
78.25
78.25
78.25
78.25
78.25
78.25
78.25
78.25
78.25
78.25
78.25
78.25
78.25
78.25
78.25
78.25
78.25
78.25
78.25
78.25
78.25
78.25
78.25
78.25
78.375
78.25
78.375
78.375
78.375
78.375
78.375
78.375
78.25
78.25
78.375
78.375
78.375
78.375
78.375
78.375
78.375
78.375
78.375
78.375
78.375
78.375
78.375
78.375
78.375
78.375
78.375
78.375
78.375
78.375
78.375
78.375
78.375
78.5
78.5
78.375
78.375
78.375
78.375
78.375
78.375
78.5
78.375
78.5
78.5
78.375
78.375
78.5
78.5
78.5
78.5
78.5
78.5
78.5
78.5
78.5
78.5
78.5
78.5
78.5
78.625
78.5
78.5
78.5
78.5
78.5
78.5
78.5
78.625
78.625
78.625
78.625
78.5
78.625
78.625
78.625
78.625
78.625
78.625
78.625
78.625
78.625
78.625
78.625
78.625
78.625
78.625
78.625
78.625
78.625
78.625
78.625
78.5
78.625
78.625
78.625
78.5
78.5
78.5
78.5
78.625
78.5
78.5
78.625
78.625
78.625
78.625
78.625
78.5
78.5
78.625
78.625
78.625
78.625
78.625
78.625
78.625
78.625
78.625
78.625
78.625
78.5
78.5
78.5
78.5
78.5
78.5
78.375
78.5
78.5
78.5
78.5
78.5
78.5
78.5
78.5
78.5
78.375
78.5
78.5
78.5
78.375
78.5
78.5
78.5
78.375
78.5
78.375
78.5
78.5
78.5
78.5
78.375
78.5
78.5
78.5
78.5
78.5
78.5
78.5
78.5
78.5
78.375
78.375
78.375
78.375
78.375
78.375
78.375
78.375
78.375
78.375
78.5
78.375
78.375
78.375
78.375
78.375
78.375
78.375
78.5
78.375
78.5
78.5
78.5
78.5
78.5
78.5
78.375
78.375
78.5
78.5
78.5
78.5
78.5
78.5
78.5
78.5
78.5
78.5
78.5
78.5
78.5
78.5
78.5
78.5
78.5
78.5
78.5
78.5
78.5
78.5
78.5
78.5
78.5
78.5
78.5
78.625
78.625
78.625
78.625
78.625
78.625
78.5
78.5
78.625
78.625
78.625
78.625
78.625
78.625
78.625
78.75
78.75
78.75
78.625
78.625
78.75
78.625
78.625
78.75
78.75
78.75
78.75
78.75
78.75
78.75
78.75
78.75
78.75
78.75
78.75
78.75
78.875
78.875
78.875
78.75
78.875
78.75
78.75
78.75
78.75
78.75
78.875
78.875
78.875
78.875
78.875
78.875
78.875
78.75
78.875
78.875
78.875
78.875
78.875
78.875
78.875
78.875
78.875
78.875
79
78.875
78.875
78.875
79
78.875
78.875
79
79
78.875
78.875
78.875
78.875
78.875
78.875
78.875
78.875
78.75
78.75
78.875
78.875
78.875
78.875
78.875
78.875
78.875
78.875
78.875
78.875
78.75
78.875
78.875
78.75
78.75
78.875
78.875
78.875
78.875
78.875
78.75
78.75
78.875
78.875
78.875
78.875
78.875
78.875
78.875
78.875
78.875
78.75
78.75
78.75
78.75
78.75
78.75
78.75
78.75
78.75
78.75
78.75
78.625
78.625
78.625
78.625
78.625
78.625
78.625
78.625
78.625
78.625
78.625
78.625
78.625
78.625
78.625
78.625
78.625
78.625
78.625
78.625
78.5
78.625
78.625
78.625
78.625
78.625
78.625
78.625
78.625
78.625
78.625
78.625
78.625
78.625
78.625
78.625
78.75
78.75
78.625
78.625
78.625
78.625
78.625
78.75
78.625
78.625
78.625
78.625
78.625
78.625
78.625
78.625
78.625
78.75
78.625
78.625
78.625
78.625
78.75
78.75
78.75
78.75
78.75
78.75
78.75
78.75
78.625
78.625
78.75
78.75
78.625
78.625
78.625
78.625
78.625
78.625
78.625
78.625
78.625
78.75
78.625
78.625
78.625
78.625
78.625
78.75
78.625
78.625
78.625
78.75
78.75
78.75
78.75
78.75
78.75
78.75
78.75
78.75
78.75
78.75
78.75
78.875
78.875
78.75
78.875
78.75
78.75
78.75
78.875
78.875
78.875
78.75
78.75
78.75
78.75
78.75
78.75
78.75
78.75
78.75
78.875
78.75
78.75
78.875
78.875
78.75
78.75
78.75
78.75
78.75
78.75
78.75
78.75
78.75
78.875
78.875
78.875
78.875
78.875
78.875
78.75
78.875
78.875
78.875
78.875
78.875
78.875
78.875
78.875
78.875
78.875
78.875
78.875
78.875
78.875
78.875
78.875
78.875
78.875
78.75
78.875
78.75
78.75
78.875
78.875
78.75
78.875
78.875
78.875
78.875
78.875
78.875
78.875
78.875
78.875
78.875
78.875
78.875
78.75
78.875
78.75
78.875
78.875
78.875
78.875
78.875
78.75
78.75
78.875
78.875
78.875
78.75
78.75
78.875
78.875
78.875
78.75
78.75
78.875
78.875
78.875
78.75
78.75
78.875
78.875
78.875
78.75
78.75
78.875
78.75
78.875
78.75
78.75
78.75
78.75
78.75
78.75
78.75
78.75
78.75
78.75
78.75
78.75
78.75
78.75
78.75
78.75
78.75
78.75
78.75
78.75
78.75
78.75
78.75
78.875
78.75
78.75
78.75
78.75
78.75
78.75
78.75
78.75
78.75
78.75
78.75
78.75
78.75
78.75
78.75
78.75
78.75
78.75
78.75
78.75
78.75
78.75
78.75
78.75
78.75
78.75
78.875
78.875
78.75
78.75
78.75
78.875
78.875
78.75
78.75
78.75
78.75
78.75
78.875
78.75
78.75
78.75
78.75
78.75
78.75
78.75
78.75
78.75
78.75
78.75
78.875
78.875
78.875
78.75
78.75
78.75
78.75
78.75
78.75
78.75
78.875
78.75
78.75
78.75
78.875
78.75
78.75
78.75
78.75
78.75
78.75
78.75
78.75
78.75
78.875
78.875
78.875
78.875
78.875
78.75
78.75
78.75
78.75
78.75
78.625
78.75
78.625
78.625
78.625
78.625
78.625
78.625
78.625
78.625
78.625
78.625
78.75
78.75
78.75
78.75
78.75
78.75
78.75
78.75
78.75
78.75
78.75
78.75
78.75
78.75
78.75
78.75
78.75
78.75
78.75
78.75
78.75
78.75
78.75
78.625
78.75
78.75
78.75
78.625
78.625
78.625
78.75
78.75
78.625
78.625
78.5
78.625
78.625
78.625
78.625
78.625
78.625
78.625
78.625
78.625
78.625
78.625
78.625
78.5
78.5
78.5
78.5
78.5
78.5
78.5
78.5
78.5
78.5
78.5
78.375
78.5
78.5
78.5
78.5
78.5
78.5
78.5
78.5
78.5
78.375
78.5
78.5
78.5
78.5
78.5
78.5
78.5
78.5
78.5
78.5
78.5
78.5
78.5
78.5
78.625
78.625
78.625
78.625
78.625
78.5
78.625
78.625
78.625
78.625
78.625
78.625
78.75
78.75
78.625
78.625
78.625
78.75
78.75
78.625
78.625
78.625
78.75
78.75
78.75
78.75
78.75
78.75
78.75
78.75
78.75
78.625
78.75
78.75
78.75
78.75
78.75
78.75
78.75
78.75
78.75
78.75
78.875
78.875
78.75
78.75
78.75
78.75
78.75
78.75
78.75
78.75
78.75
78.75
78.75
78.875
78.875
78.875
78.875
78.875
78.875
78.875
78.875
78.875
79
78.875
79
78.875
78.875
78.875
78.875
78.875
78.875
78.875
79
79
79
78.875
78.875
79
79
78.875
79
79
79
79
79
79
79
79
78.875
79
79
79
79
79
79
79
79
79
78.875
78.875
79
79
79
79
79
79
79
79
79
79
78.875
78.875
78.875
79
79
78.875
78.875
78.875
79
79
79
79
79
79
79
79
79
78.875
78.875
79
79
79
79
78.875
78.875
79
79
79
79
78.875
78.875
78.875
79
79
79
78.875
78.875
78.875
78.875
78.875
78.875
78.875
78.875
78.875
78.875
78.875
78.875
78.875
78.875
78.875
78.875
78.875
78.875
78.875
78.875
78.875
78.875
78.875
78.875
78.875
78.875
78.875
78.875
78.875
78.875
79
79
78.875
78.875
78.875
78.875
78.875
78.875
78.875
78.875
78.875
78.875
78.875
79
79
79
79
78.875
78.875
79
78.875
78.875
79
79
79
79.125
79.125
79
79
79
79
79
79
79
79
79
79
79
79
79.125
79.125
79.125
79.125
79
79
79.125
79.125
79.125
79.125
79.125
79.125
79.125
79.125
79.125
79.125
79.125
79.125
79.125
79.125
79.125
79
79
79.125
79.125
79.125
79.125
79.125
79.125
79.125
79.125
79.125
79.125
79.125
79.125
79.125
79.125
79.125
79.125
79.125
79.125
79.125
79.125
79.125
79
79
79
79
79
79
79
79
79
78.875
79
79
79
79
79
78.875
79
79
79
79
79
79
79
79
79
79
79
79
79
79
79
79
79
79
79
79
79
78.875
78.875
78.875
78.875
78.875
78.875
78.875
78.875
78.875
78.875
78.875
78.875
78.875
78.875
78.875
78.875
78.875
78.875
78.875
78.875
78.875
78.875
78.875
78.875
78.875
78.75
78.75
78.75
78.75
78.75
78.75
78.75
78.75
78.75
78.75
78.75
78.75
78.625
78.75
78.625
78.75
78.75
78.75
78.75
78.625
78.75
78.75
78.625
78.625
78.75
78.75
78.75
78.625
78.75
78.625
78.625
78.625
78.625
78.75
78.625
78.625
78.625
78.625
78.625
78.625
78.625
78.625
78.75
78.75
78.75
78.75
78.75
78.75
78.75
78.625
78.75
78.75
78.75
78.625
78.75
78.75
78.75
78.75
78.75
78.625
78.75
78.75
78.75
78.75
78.75
78.75
78.75
78.75
78.75
78.75
78.75
78.75
78.75
78.875
78.75
78.75
78.75
78.75
78.875
78.75
78.875
78.875
78.875
78.875
78.875
78.75
78.75
78.875
78.875
78.875
78.875
78.875
78.875
78.875
78.875
78.875
78.875
78.875
79
79
79
79
78.875
79
79
78.875
78.875
79
79
79
79
79
79
79
79
79
79
79
79
79
79
79
79
79
79
79
79
78.875
79
79
78.875
78.875
78.875
78.875
78.875
78.875
78.875
78.875
78.875
78.875
78.875
78.875
78.875
78.875
78.875
78.875
78.875
78.875
78.875
78.875
78.75
78.75
78.875
78.75
78.875
78.875
78.875
78.875
78.875
78.875
78.75
78.75
78.875
78.875
78.875
78.75
78.75
78.875
78.875
78.875
78.75
78.75
78.875
78.875
78.75
78.875
78.875
78.875
78.875
78.875
78.875
78.875
78.875
78.875
78.75
78.75
78.75
78.75
78.75
78.75
78.75
78.75
78.75
78.75
78.75
78.75
78.75
78.75
78.625
78.625
78.625
78.625
78.625
78.625
78.625
78.625
78.625
78.625
78.625
78.75
78.75
78.75
78.75
78.75
78.75
78.75
78.75
78.75
78.75
78.75
78.75
78.75
78.75
78.75
78.875
78.875
78.875
78.875
78.875
78.875
78.875
78.875
78.875
78.875
78.875
78.75
78.75
78.875
78.875
78.875
78.875
78.875
78.875
78.875
78.875
78.75
78.75
78.75
78.875
78.875
78.875
78.875
78.75
78.75
78.75
78.75
78.75
78.75
78.875
78.875
78.875
78.875
78.875
79
79
78.875
78.875
78.875
78.875
78.875
78.875
78.875
78.875
79
79
79
79
78.875
79
79
79
79
79
79
79
79
79
79
79
79
79
79
79
79.125
79.125
79.125
79.125
79.125
79.125
79.125
79
79
79.125
79.125
79.125
79
79
79.125
79.125
79
79
79
79.125
79
79
79.125
79.125
79
79
79
79
79
79
79
79
78.875
78.875
79
79
78.875
79
79
79
79
79
79
79
79
79
79
79
79
79
79
79
79
79
79
79
79
79
79
79
79
79
79
79
79
79
78.875
79
79
79
79
79
79
79
79
79
78.875
79
79
78.875
78.875
78.875
78.875
78.875
78.875
78.75
78.875
78.75
78.75
78.875
78.875
78.875
78.875
78.875
78.875
79
78.875
78.875
78.875
78.875
78.875
79
78.875
78.875
78.875
78.875
78.875
79
79
78.875
78.875
78.875
78.875
78.875
78.875
78.875
79
79
79
79
79
79
79
79
79
79
78.875
78.875
78.875
78.875
78.875
78.875
78.875
78.875
78.875
78.875
79
79
79
79
79
79
79
79
79
79
79
79
79
79
78.875
79
79
79
79
78.875
78.875
78.875
78.875
78.875
78.875
78.875
78.875
78.875
78.875
78.875
78.875
79
79
79
79
79
79
79
79
78.875
79
79
79
78.875
78.875
78.875
78.875
78.875
78.875
78.875
78.875
78.75
78.75
78.875
78.875
78.875
78.875
78.875
78.75
78.75
78.75
78.75
78.75
78.75
78.75
78.875
78.75
78.75
78.75
78.75
78.75
78.625
78.625
78.75
78.75
78.75
78.75
78.75
78.75
78.75
78.75
78.75
78.75
78.75
78.75
78.875
78.75
78.75
78.75
78.75
78.75
78.75
78.75
78.75
78.75
78.75
78.75
78.75
78.75
78.625
78.75
78.75
78.75
78.625
78.75
78.75
78.625
78.625
78.75
78.75
78.625
78.75
78.75
78.75
78.625
78.75
78.625
78.625
78.75
78.75
78.75
78.75
78.75
78.75
78.75
78.75
78.75
78.75
78.75
78.75
78.75
78.75
78.75
78.875
78.875
78.875
78.875
78.875
78.75
78.875
78.875
78.875
78.875
78.875
78.875
78.875
78.875
78.875
78.75
78.875
78.875
78.875
78.875
78.875
78.875
78.75
78.75
78.75
78.75
78.75
78.75
78.875
78.875
78.75
78.75
78.75
78.75
78.75
78.875
78.875
78.875
78.75
78.75
78.875
78.875
79
78.875
78.875
78.875
78.875
78.875
78.875
78.875
78.875
78.875
78.875
78.875
78.875
78.875
78.875
78.875
79
79
78.875
78.875
78.875
78.875
78.875
78.875
78.875
78.875
78.75
78.75
78.875
78.875
78.75
78.875
78.875
78.875
78.875
78.75
78.875
78.875
78.875
78.875
78.75
78.875
78.875
78.875
78.875
78.875
78.875
78.875
78.875
78.875
78.875
78.875
78.875
78.875
78.875
78.875
78.875
78.875
78.875
78.75
78.75
78.75
78.75
78.75
78.75
78.75
78.75
78.75
78.625
78.75
78.75
78.625
78.625
78.625
78.625
78.625
78.625
78.625
78.625
78.625
78.625
78.625
78.625
78.625
78.75
78.75
78.625
78.625
78.75
78.75
78.75
78.75
78.75
78.75
78.75
78.75
78.75
78.75
78.75
78.75
78.75
78.75
78.75
78.75
78.75
78.625
78.75
78.75
78.625
78.75
78.75
78.75
78.75
78.75
78.625
78.625
78.75
78.75
78.75
78.625
78.75
78.75
78.75
78.625
78.75
78.625
78.75
78.75
78.75
78.75
78.75
78.625
78.625
